(4, [0])
(5, [1])
(9, [2])
(11, [3])
(16, [4])
(18, [5])
(19, [6])
(21, [7])
(23, [8])
(24, [8])
(29, [9])
(30, [10])
(34, [11])
(35, [11])
(36, [12])
(38, [13])
(39, [14])
(40, [14])
(41, [15])
(42, [16])
(45, [17])
(46, [17, 18])
(48, [19])
(49, [20])
(50, [20])
(56, [21])
(57, [22])
(59, [23])
(61, [24, 25])
(62, [25])
(63, [26, 27, 28])
(64, [28, 29])
(65, [29])
(68, [30])
(71, [31])
(72, [31])
(73, [32])
(75, [33])
(76, [34])
(85, [35])
(87, [36, 37])
(88, [38])
(91, [39, 40])
(92, [41])
(93, [41])
(94, [42])
(95, [43, 44, 45])
(98, [46])
(100, [47])
(101, [47, 48])
(102, [48])
(104, [49])
(105, [50])
(106, [50])
(114, [51])
(115, [51, 52])
(116, [52])
(119, [53])
(121, [54])
(122, [55])
(123, [56])
(126, [57])
(127, [57])
(128, [58])
(130, [59])
(132, [60])
(133, [60])
(134, [61])
(138, [62])
(139, [62])
(141, [63])
(142, [63])
(144, [64, 65])
(145, [64, 65])
(149, [66])
(150, [67])
(156, [68])
(161, [69])
(162, [70])
(163, [71])
(164, [72])
(166, [73, 74])
(173, [75])
(175, [76])
(176, [76])
(178, [77, 78, 79])
(179, [79])
(180, [80])
(181, [81])
(182, [82])
(186, [83])
(188, [84])
(189, [84])
(190, [85])
(191, [85])
(194, [86])
(199, [87])
(200, [87])
(201, [88])
(202, [89])
