(1, [0])
(2, [1])
(7, [2])
(8, [3])
(10, [4, 5])
(15, [6])
(17, [7])
(18, [8, 9])
(19, [10])
(20, [11])
(27, [12])
(28, [13])
(29, [14])
(30, [14])
(32, [15])
(36, [16])
(38, [17])
(43, [18])
(44, [19, 20])
(45, [21])
(46, [21])
(51, [22])
(52, [23])
(54, [24])
(55, [24])
(56, [25])
(58, [26])
(59, [26])
(60, [27, 28])
(61, [28])
(63, [29])
(64, [30])
(66, [31])
(67, [32])
(70, [33])
(71, [33])
(74, [34])
(75, [35])
(76, [35])
(77, [36])
(81, [37])
(82, [38, 39])
(83, [40])
(84, [40])
(86, [41, 42])
(101, [43])
(102, [44])
(105, [45])
(106, [45, 46, 47])
(117, [48])
(118, [49])
(123, [50])
(127, [51])
(129, [52])
(130, [53])
(131, [54])
(132, [55])
(133, [55])
(134, [56])
(137, [57])
(139, [58])
(141, [59])
(142, [60])
(144, [61])
(146, [62])
(147, [63])
(148, [64])
(149, [65])
(150, [66])
(153, [67])
(162, [68])
(167, [69])
(168, [70])
(170, [71])
(171, [71])
(178, [72])
(179, [73])
(181, [74])
(183, [75])
(184, [76])
(185, [76])
(188, [77])
(189, [77, 78])
(191, [79])
(195, [80])
(197, [81])
(199, [82])
(200, [82])
(201, [83, 84])
(202, [83, 84])
(212, [85])
(213, [85])
(214, [86])
(215, [86])
(218, [87])
