(0, [0])
(128, [45, 46])
(3, [1, 2])
(4, [3])
(5, [4])
(6, [5])
(7, [5, 6])
(8, [7])
(172, [56])
(11, [8])
(12, [8])
(175, [58])
(14, [9])
(144, [49, 50])
(145, [50])
(131, [47])
(171, [56])
(24, [10, 11])
(154, [51])
(155, [51])
(28, [12])
(29, [13])
(31, [14])
(160, [53])
(161, [53])
(162, [54])
(37, [15])
(38, [15])
(167, [55])
(129, [46])
(135, [48])
(44, [16])
(173, [57])
(46, [17])
(47, [17])
(176, [59])
(177, [59])
(50, [18])
(180, [60])
(53, [19])
(54, [20])
(55, [20])
(56, [21])
(187, [61])
(62, [22, 23])
(63, [23])
(192, [63, 64])
(193, [64, 65])
(66, [24, 25])
(67, [25])
(69, [26])
(70, [26, 27])
(71, [28])
(72, [29])
(78, [30])
(79, [31, 32])
(80, [32])
(84, [33])
(90, [34])
(92, [35])
(174, [58])
(94, [36])
(97, [37])
(100, [38, 39])
(101, [39])
(194, [65])
(106, [40, 41])
(107, [41])
(110, [42])
(111, [42])
(157, [52])
(115, [43])
(116, [43])
(190, [62])
(119, [44])
(191, [63])
(166, [55])
(127, [45])
