(130, [23])
(6, [0])
(7, [0])
(136, [25])
(137, [25])
(141, [26, 27])
(14, [1])
(143, [28, 29])
(19, [2, 3])
(20, [3])
(149, [30])
(23, [4])
(153, [31])
(26, [5])
(28, [6])
(154, [32])
(30, [7])
(32, [8])
(163, [35])
(164, [35])
(37, [9])
(166, [36])
(156, [33])
(135, [24])
(172, [37])
(157, [34])
(48, [10])
(177, [38, 39])
(178, [39])
(53, [11])
(182, [43])
(184, [44])
(58, [12])
(59, [12])
(181, [40, 41, 42])
(195, [45])
(196, [45, 46])
(197, [46])
(198, [47])
(71, [13])
(200, [48])
(75, [14])
(204, [49])
(205, [49, 50])
(213, [51])
(217, [52])
(90, [15, 16])
(92, [17])
(93, [17])
(94, [18])
(158, [34])
(103, [19])
(109, [20])
(110, [20])
(116, [21])
(117, [22])
