(128, [47, 48])
(1, [0])
(5, [1])
(6, [1])
(193, [66])
(8, [2])
(13, [3])
(14, [3])
(17, [4])
(18, [4])
(19, [5])
(148, [51])
(21, [6])
(152, [52])
(154, [53])
(155, [53])
(156, [54])
(29, [7, 8, 9])
(159, [57, 58, 59])
(160, [59])
(161, [60])
(164, [61])
(134, [49])
(146, [50])
(43, [10])
(172, [62])
(45, [11])
(157, [55, 56])
(177, [63])
(53, [12])
(54, [12, 13])
(56, [14])
(190, [64, 65])
(191, [65])
(192, [66])
(65, [15, 16])
(66, [15, 16, 17])
(67, [17, 18])
(68, [18])
(204, [71])
(203, [70])
(194, [67])
(201, [69])
(202, [70])
(75, [19, 20])
(76, [20])
(206, [72])
(86, [21])
(87, [21, 22, 23])
(88, [23])
(90, [24])
(91, [25, 26])
(92, [26])
(93, [27])
(96, [28])
(97, [28])
(100, [29, 30])
(145, [50])
(104, [31, 32, 33])
(105, [34])
(107, [35])
(108, [36, 37, 38])
(109, [38])
(114, [39])
(116, [40])
(117, [41])
(118, [42, 43])
(122, [44])
(123, [45])
(200, [68])
(126, [46])
(149, [51])
