(128, [47])
(1, [0])
(135, [48])
(4, [1])
(6, [2])
(7, [2])
(9, [3])
(13, [4])
(14, [4, 5])
(15, [5])
(16, [6])
(18, [7])
(19, [8])
(148, [51])
(22, [9])
(23, [10])
(27, [11])
(157, [52])
(31, [12])
(161, [54])
(39, [13])
(40, [14])
(41, [14, 15])
(42, [15, 16])
(43, [16])
(44, [17])
(173, [57])
(176, [58])
(49, [18])
(186, [60])
(137, [49])
(57, [19])
(58, [20, 21])
(59, [21])
(61, [22])
(62, [22])
(192, [61])
(193, [61])
(67, [23])
(70, [24])
(73, [25, 26])
(74, [26])
(203, [62])
(76, [27])
(77, [27])
(207, [64])
(79, [28])
(80, [28])
(141, [50])
(82, [29])
(83, [29])
(185, [59])
(88, [30])
(91, [31])
(92, [32])
(159, [53])
(187, [60])
(100, [33])
(101, [34])
(103, [35, 36])
(105, [37])
(106, [38, 39])
(168, [55])
(113, [40])
(114, [41, 42])
(115, [41, 42])
(204, [62, 63])
(117, [43])
(118, [43])
(169, [55])
(122, [44])
(123, [45])
(170, [56])
(126, [46])
