(1, [0])
(2, [1])
(179, [49])
(6, [2, 3])
(7, [3])
(8, [4])
(11, [5])
(12, [5])
(13, [6])
(142, [43])
(20, [7])
(23, [8])
(24, [8])
(25, [9])
(26, [10])
(27, [10])
(28, [11])
(203, [56])
(30, [12])
(161, [44])
(162, [45])
(219, [60, 61])
(164, [46])
(198, [54])
(168, [47])
(169, [47])
(199, [55])
(47, [13])
(50, [14])
(51, [15])
(52, [15])
(55, [16])
(56, [16])
(185, [50])
(58, [17, 18, 19])
(59, [20])
(60, [21])
(61, [22])
(62, [22])
(191, [52, 53])
(66, [23, 24])
(67, [24])
(69, [25])
(70, [25, 26])
(71, [26])
(73, [27])
(74, [27, 28])
(75, [28])
(76, [29, 30])
(79, [31])
(80, [32])
(81, [32])
(83, [33])
(220, [62])
(86, [34])
(87, [34])
(216, [58, 59])
(89, [35])
(218, [60])
(91, [36])
(92, [36])
(221, [63])
(97, [37])
(99, [38])
(100, [38, 39])
(215, [58])
(103, [40])
(104, [40])
(105, [41])
(106, [41])
(235, [66])
(108, [42])
(204, [57])
(190, [51])
(233, [64])
(175, [48])
(217, [59])
(234, [65])
