(128, [32])
(2, [0])
(131, [33, 34])
(262, [63])
(7, [1])
(8, [1])
(10, [2])
(11, [3])
(130, [33])
(219, [55])
(141, [36])
(17, [4])
(18, [4])
(19, [5, 6])
(20, [5, 6])
(21, [7])
(254, [62])
(23, [8])
(153, [38])
(29, [9, 10])
(30, [10])
(159, [39])
(160, [40])
(161, [41])
(34, [11])
(35, [11])
(166, [42])
(220, [56])
(43, [12])
(44, [12])
(173, [43])
(174, [43])
(245, [60])
(49, [13])
(180, [44])
(158, [39])
(138, [35])
(55, [14])
(188, [46])
(61, [15])
(62, [15])
(181, [45])
(139, [35])
(182, [45])
(199, [48, 49])
(200, [49, 50])
(201, [50, 51])
(202, [51])
(205, [52])
(207, [53])
(79, [16])
(235, [58])
(81, [17])
(82, [17])
(84, [18])
(213, [54])
(86, [19])
(90, [20, 21])
(91, [21])
(92, [22])
(222, [57])
(251, [61])
(106, [23])
(107, [24, 25])
(237, [59])
(112, [26])
(114, [27])
(115, [27, 28])
(116, [28])
(190, [47])
(118, [29])
(119, [29])
(148, [37])
(250, [61])
(191, [47])
(125, [30])
(126, [31])
(127, [31])
