(0, [0])
(129, [40])
(130, [40, 41])
(4, [1])
(5, [2])
(6, [2])
(135, [44])
(11, [3])
(12, [3])
(144, [45])
(18, [4, 5])
(19, [5])
(21, [6, 7])
(153, [48])
(24, [8])
(25, [9])
(154, [49, 50])
(27, [10])
(28, [10, 11])
(29, [12, 13])
(30, [13])
(160, [54])
(155, [51])
(36, [14])
(134, [42, 43, 44])
(38, [15])
(167, [56])
(168, [56])
(41, [16])
(176, [57])
(49, [17])
(179, [58])
(158, [53])
(61, [18])
(63, [19])
(192, [60])
(164, [55])
(68, [20])
(69, [21])
(177, [57])
(75, [22])
(76, [22, 23])
(77, [23, 24])
(80, [25])
(156, [51, 52])
(84, [26])
(88, [27])
(89, [27, 28])
(96, [29, 30])
(97, [31])
(105, [32])
(106, [33])
(107, [33])
(146, [46])
(113, [34])
(116, [35])
(117, [36])
(118, [36])
(120, [37])
(121, [38])
(122, [39])
(191, [59, 60])
(149, [47])
