(0, [0])
(3, [1])
(4, [1, 2])
(5, [2])
(138, [33])
(139, [33])
(12, [3])
(13, [4, 5])
(14, [5])
(15, [6])
(16, [6])
(18, [7])
(19, [7])
(20, [8])
(22, [9])
(23, [10])
(24, [10])
(133, [32])
(160, [36])
(166, [37])
(42, [11, 12])
(171, [38, 39])
(172, [39])
(46, [13])
(47, [14])
(176, [40])
(177, [40])
(180, [41])
(57, [15])
(59, [16])
(60, [16, 17])
(62, [18])
(63, [18])
(66, [19])
(67, [19])
(147, [35])
(75, [20])
(76, [20, 21])
(77, [21])
(190, [42])
(90, [22])
(91, [22])
(98, [23])
(99, [23, 24])
(100, [24])
(105, [25])
(148, [35])
(191, [42])
(115, [26])
(117, [27])
(118, [27])
(120, [28])
(121, [28])
(122, [29, 30])
(123, [30])
(124, [31])
(143, [34])
