(1, [0])
(2, [0])
(3, [1])
(5, [2])
(129, [38])
(9, [3])
(10, [4])
(11, [4])
(140, [41])
(130, [39])
(142, [42])
(16, [5])
(17, [5])
(146, [45])
(131, [39])
(215, [65, 66])
(154, [46, 47])
(23, [6, 7])
(24, [7])
(153, [46])
(26, [8, 9])
(239, [72])
(29, [10])
(30, [11])
(159, [50])
(32, [12])
(33, [12, 13])
(34, [14, 15])
(35, [15])
(39, [16])
(168, [51])
(170, [52])
(222, [68])
(173, [53])
(221, [68])
(177, [54])
(178, [55, 56])
(179, [57])
(52, [17])
(53, [18])
(182, [59])
(55, [19])
(56, [19])
(180, [57, 58])
(60, [20])
(62, [21])
(191, [62])
(192, [62])
(65, [22])
(158, [48, 49, 50])
(200, [63])
(73, [23])
(203, [64])
(141, [42])
(184, [60])
(85, [24])
(87, [25])
(216, [66])
(228, [69])
(218, [67])
(92, [26])
(93, [27])
(137, [40])
(229, [69, 70])
(144, [43])
(99, [28])
(100, [28, 29])
(101, [29, 30])
(230, [70])
(145, [44])
(104, [31])
(188, [61])
(234, [71])
(108, [32])
(201, [63])
(112, [33])
(113, [33, 34])
(120, [35, 36])
(121, [37])
