(2, [0])
(5, [1])
(6, [2])
(7, [3])
(8, [4])
(12, [5])
(13, [5])
(15, [6])
(17, [7])
(18, [7, 8])
(22, [9])
(23, [9, 10])
(24, [11])
(25, [12, 13])
(27, [14])
(28, [15, 16])
(38, [17])
(40, [18])
(42, [19])
(45, [20])
(49, [21, 22])
(55, [23])
(66, [24])
(73, [25])
(74, [26])
(75, [26])
(83, [27])
(84, [28])
(86, [29])
(87, [29, 30])
(88, [30, 31])
(89, [32])
(90, [33])
(91, [33, 34])
(95, [35])
(98, [36])
(99, [36])
(101, [37])
(102, [37, 38, 39, 40])
(103, [40])
(107, [41])
(108, [42])
(109, [42])
(110, [43])
(111, [44])
(113, [45])
(115, [46])
(116, [46])
(119, [47])
(125, [48, 49])
(126, [50, 51])
(128, [52])
(132, [53])
(139, [54])
(141, [55])
(142, [55])
(143, [56])
(144, [56])
(149, [57])
(150, [57, 58])
(153, [59])
(154, [59])
(156, [60])
(158, [61])
(160, [62])
(161, [62])
(162, [63])
(163, [64])
(165, [65])
(172, [66])
(174, [67])
(175, [67])
(177, [68])
(178, [69])
(179, [69])
(187, [70])
(188, [70, 71])
(189, [71])
(190, [72])
(191, [72])
(194, [73])
(198, [74])
(199, [74])
(200, [75])
(201, [76, 77])
(202, [77])
(204, [78])
(208, [79])
(209, [79])
