(0, [0])
(1, [0])
(10, [1])
(15, [2])
(16, [2, 3])
(19, [4])
(20, [4])
(21, [5])
(24, [6])
(26, [7])
(27, [7])
(31, [8])
(32, [9])
(33, [10])
(38, [11])
(40, [12])
(41, [12])
(47, [13])
(48, [13])
(51, [14])
(59, [15])
(60, [16])
(61, [16])
(64, [17])
(65, [18])
(82, [19])
(84, [20])
(85, [20, 21])
(86, [21])
(89, [22])
(90, [23, 24])
(91, [24])
(98, [25])
(99, [25])
(100, [26])
(101, [27])
(103, [28])
(105, [29])
(106, [30])
(108, [31])
(109, [31])
(110, [32])
(111, [32])
(113, [33, 34])
(114, [35, 36])
(115, [36])
(118, [37])
(119, [38])
(127, [39])
(128, [40])
(134, [41])
(135, [42])
(137, [43])
(139, [44])
(140, [44, 45])
(141, [45])
(144, [46])
(146, [47])
(147, [48])
(149, [49, 50])
(150, [50, 51])
(151, [51])
(152, [52])
(153, [52])
(154, [53])
(155, [54])
(156, [55, 56])
(161, [57])
(162, [58])
(166, [59, 60])
(173, [61])
(174, [61, 62, 63])
(175, [63])
(178, [64])
(185, [65])
(187, [66])
(188, [66, 67])
(189, [67])
(193, [68])
(197, [69])
(202, [70])
(203, [71])
(205, [72])
(206, [73])
(208, [74])
(210, [75])
(211, [75])
(218, [76])
(219, [77])
(220, [78])
(225, [79])
(227, [80])
(228, [80])
(233, [81])
(234, [81])
(241, [82])
(242, [83, 84])
(247, [85])
(248, [86])
(249, [86])
(254, [87])
(255, [87, 88])
(256, [88])
(258, [89, 90])
(259, [90])
(265, [91])
