(128, [31])
(129, [31, 32])
(2, [0, 1])
(196, [49])
(133, [33])
(7, [2])
(130, [32])
(145, [35])
(146, [35, 36])
(20, [3])
(150, [37])
(151, [38])
(24, [4])
(153, [39, 40])
(155, [41])
(29, [5])
(30, [5])
(31, [6])
(32, [7])
(33, [8, 9])
(34, [9])
(163, [42])
(166, [43])
(167, [43])
(168, [44])
(135, [34])
(172, [45])
(173, [45])
(49, [10])
(50, [10, 11])
(188, [46, 47])
(189, [46, 47])
(63, [12])
(192, [48])
(68, [13, 14])
(69, [14])
(72, [15])
(202, [50])
(203, [51])
(77, [16, 17])
(78, [16, 17])
(80, [18])
(81, [19])
(82, [19, 20])
(83, [20])
(84, [21])
(85, [22])
(197, [49])
(96, [23])
(98, [24])
(99, [24])
(107, [25])
(110, [26])
(116, [27, 28])
(117, [28])
(119, [29])
(120, [30])
(191, [48])
