(132, [29])
(5, [0])
(6, [0])
(7, [1])
(151, [31])
(12, [2])
(13, [2, 3])
(17, [4])
(19, [5])
(149, [30])
(150, [31])
(23, [6])
(153, [32])
(155, [33])
(162, [34])
(165, [35])
(167, [36])
(168, [36])
(42, [7])
(43, [7])
(176, [37, 38])
(177, [38])
(179, [39])
(60, [8])
(61, [9])
(62, [10])
(64, [11])
(65, [12])
(194, [40, 41])
(197, [42])
(78, [13])
(79, [14])
(80, [14])
(193, [40])
(86, [15])
(220, [43])
(93, [16])
(222, [44])
(101, [17])
(102, [18])
(107, [19])
(108, [20])
(110, [21])
(111, [21])
(112, [22, 23])
(120, [24, 25])
(121, [26])
(123, [27])
(124, [28])
