(0, [0])
(129, [36])
(2, [1])
(3, [2])
(4, [2, 3])
(5, [3])
(149, [40])
(145, [39])
(213, [51])
(130, [37])
(142, [38])
(17, [4])
(18, [4])
(19, [5])
(20, [6])
(21, [7])
(22, [7])
(235, [57])
(24, [8, 9])
(28, [10, 11])
(218, [53])
(30, [12])
(230, [55])
(214, [51, 52])
(33, [13])
(34, [13])
(36, [14])
(37, [14])
(167, [41])
(47, [15])
(51, [16])
(52, [17])
(181, [42])
(54, [18])
(55, [18])
(57, [19])
(186, [43])
(187, [43, 44])
(188, [44])
(65, [20])
(196, [45])
(182, [42])
(203, [46])
(76, [21])
(208, [47])
(210, [48, 49])
(211, [50])
(85, [22])
(86, [22])
(215, [52])
(217, [53])
(90, [23])
(97, [24])
(228, [54])
(229, [54, 55])
(102, [25])
(103, [26])
(104, [26])
(106, [27])
(107, [28, 29])
(108, [29, 30])
(109, [30])
(239, [58])
(232, [56])
(115, [31])
(116, [32])
(117, [32, 33])
(118, [33])
(234, [57])
(126, [34, 35])
(127, [35])
