(1, [0])
(2, [0])
(4, [1])
(5, [2])
(6, [3])
(7, [3])
(136, [33])
(266, [66])
(268, [67])
(237, [59])
(16, [4])
(280, [70])
(18, [5])
(19, [6])
(20, [6])
(21, [7])
(23, [8])
(24, [8])
(153, [36])
(282, [71])
(155, [37])
(156, [38])
(160, [39])
(161, [40, 41])
(162, [41])
(283, [72])
(262, [65])
(146, [34])
(167, [43, 44])
(129, [32])
(281, [70])
(48, [9])
(49, [9])
(52, [10])
(206, [52])
(184, [45])
(185, [46])
(168, [44])
(189, [49])
(62, [11])
(63, [12])
(64, [12])
(66, [13])
(67, [13])
(197, [50])
(211, [54, 55])
(72, [14])
(75, [15])
(78, [16])
(207, [53])
(80, [17])
(248, [61])
(210, [54])
(83, [18, 19])
(84, [20, 21])
(85, [21])
(203, [51])
(249, [62])
(216, [56])
(89, [22])
(250, [62])
(94, [23])
(97, [24])
(187, [47, 48])
(166, [42, 43])
(231, [57, 58])
(232, [58])
(275, [68])
(277, [69])
(109, [25])
(110, [25])
(217, [56])
(113, [26])
(114, [27])
(115, [27])
(118, [28])
(119, [29, 30])
(120, [30])
(212, [55])
(122, [31])
(255, [64])
(247, [60, 61])
(253, [63])
(254, [63, 64])
(149, [35])
