(0, [0])
(2, [1])
(3, [1])
(7, [2, 3])
(8, [4])
(138, [37])
(151, [39])
(12, [5])
(147, [38])
(148, [38])
(150, [39])
(23, [6])
(24, [7])
(25, [8])
(26, [9])
(27, [10])
(30, [11])
(31, [11])
(33, [12])
(37, [13])
(38, [13])
(39, [14])
(170, [41])
(135, [36])
(175, [42])
(185, [43])
(186, [43])
(61, [15])
(64, [16])
(193, [44])
(67, [17, 18])
(68, [18])
(70, [19])
(75, [20, 21, 22])
(76, [23])
(77, [24])
(80, [25, 26])
(87, [27])
(153, [40])
(91, [28])
(92, [29])
(97, [30])
(100, [31])
(101, [31])
(109, [32])
(110, [32])
(114, [33])
(119, [34])
(120, [34])
(123, [35])
(124, [35])
