(4, [0])
(6, [1])
(7, [1, 2])
(8, [2])
(10, [3])
(12, [4])
(13, [5])
(138, [43])
(16, [6])
(17, [6])
(23, [7])
(24, [7])
(26, [8])
(27, [9])
(28, [10])
(29, [11])
(30, [12])
(34, [13])
(35, [14])
(134, [42])
(41, [15])
(52, [16])
(54, [17])
(55, [17])
(58, [18])
(59, [19])
(60, [20])
(61, [21, 22])
(62, [22])
(65, [23])
(69, [24])
(70, [25, 26])
(72, [27])
(80, [28])
(81, [29, 30])
(85, [31])
(86, [31])
(93, [32])
(94, [32])
(95, [33])
(96, [34])
(101, [35])
(102, [35])
(115, [36, 37])
(116, [36, 37])
(124, [38])
(125, [39])
(126, [39, 40])
(127, [40, 41])
