(0, [0])
(129, [45])
(130, [45])
(131, [46])
(5, [1])
(6, [2])
(7, [2])
(9, [3])
(10, [4])
(11, [4])
(13, [5])
(14, [5])
(15, [6])
(16, [6])
(146, [51, 52])
(20, [7])
(22, [8])
(25, [9])
(26, [10])
(27, [11])
(156, [53])
(157, [53])
(133, [47])
(32, [12, 13])
(163, [54])
(164, [55])
(37, [14])
(166, [56])
(39, [15, 16])
(168, [57])
(43, [17])
(44, [18])
(45, [19])
(47, [20])
(48, [20])
(49, [21])
(50, [21])
(53, [22])
(54, [22, 23])
(55, [23])
(61, [24])
(62, [25, 26, 27])
(63, [28])
(66, [29, 30])
(67, [30])
(68, [31])
(69, [32])
(72, [33])
(138, [48, 49])
(82, [34])
(83, [34])
(85, [35])
(86, [35])
(143, [50])
(93, [36])
(165, [55])
(144, [50])
(102, [37])
(103, [38])
(113, [39])
(114, [39])
(120, [40, 41, 42])
(121, [42])
(122, [43])
(123, [43])
(125, [44])
(126, [44])
