(1, [0])
(2, [0])
(4, [1])
(19, [2])
(20, [2])
(22, [3])
(23, [3])
(24, [4])
(25, [5])
(30, [6])
(31, [6, 7])
(39, [8])
(48, [9])
(58, [10])
(72, [11])
(73, [12])
(75, [13, 14])
(76, [14])
(80, [15])
(83, [16])
(84, [16])
(85, [17])
(86, [17])
(90, [18])
(91, [18])
(104, [19, 20])
(109, [21])
(117, [22])
(118, [22, 23])
(119, [23])
(121, [24])
(122, [24])
(126, [25])
(127, [25])
(129, [26])
(130, [27])
(131, [28, 29])
(132, [29])
(135, [30])
(136, [30])
(138, [31])
(141, [32])
(145, [33])
(146, [33])
(155, [34])
(160, [35])
(162, [36])
(164, [37])
(165, [37])
(170, [38])
(174, [39])
(175, [39])
(177, [40])
(179, [41])
(183, [42])
(184, [42])
(185, [43])
(186, [44])
(187, [44])
(189, [45])
(190, [45, 46])
(191, [46])
(192, [47])
(193, [47])
(200, [48])
(201, [48])
(204, [49])
(205, [49])
(207, [50])
(209, [51])
(213, [52])
(218, [53])
(221, [54])
(225, [55])
(235, [56])
(236, [56])
(245, [57])
(252, [58])
(276, [59])
(277, [60])
(278, [60])
(285, [61])
(286, [61])
(294, [62])
(298, [63])
(299, [63, 64])
(301, [65])
(304, [66])
(308, [67])
(314, [68])
(315, [68])
