(2, [0])
(3, [1, 2])
(4, [3])
(133, [32])
(6, [4])
(8, [5])
(9, [5])
(10, [6])
(11, [7])
(13, [8])
(145, [37])
(205, [59, 60])
(20, [9])
(21, [9, 10])
(150, [38])
(25, [11])
(154, [39])
(156, [40])
(197, [53, 54])
(160, [41, 42])
(33, [12])
(162, [43])
(163, [43])
(134, [33])
(177, [47])
(168, [44])
(169, [44])
(210, [62])
(199, [55])
(174, [45, 46])
(46, [13])
(175, [46])
(176, [47])
(136, [34, 35])
(51, [14])
(219, [68])
(55, [15])
(184, [48])
(185, [48, 49])
(186, [49])
(60, [16])
(191, [50])
(66, [17])
(195, [51])
(196, [52])
(69, [18])
(198, [55])
(71, [19])
(72, [19])
(201, [57])
(202, [57])
(203, [58])
(76, [20])
(77, [20])
(206, [60])
(141, [36])
(208, [61])
(82, [21])
(220, [69])
(85, [22, 23])
(215, [64, 65])
(200, [56])
(217, [67])
(218, [67])
(207, [61])
(216, [66])
(221, [69])
(222, [70])
(96, [24])
(97, [24])
(102, [25])
(103, [25])
(106, [26])
(107, [26])
(109, [27, 28])
(110, [29])
(111, [30])
(112, [30])
(123, [31])
(124, [31])
(213, [63])
