(1, [0])
(2, [1])
(3, [2])
(4, [3])
(5, [3])
(7, [4, 5])
(8, [5])
(10, [6])
(11, [7])
(12, [7])
(13, [8])
(14, [8])
(16, [9])
(17, [9, 10])
(18, [10])
(30, [11])
(33, [12, 13])
(37, [14])
(40, [15])
(169, [39])
(43, [16])
(44, [16])
(47, [17])
(48, [17])
(52, [18])
(53, [18])
(54, [19])
(55, [20])
(57, [21])
(59, [22])
(64, [23])
(65, [23])
(79, [24])
(80, [24, 25])
(83, [26])
(84, [26])
(90, [27])
(91, [28, 29])
(92, [29])
(93, [30])
(94, [30])
(100, [31])
(103, [32])
(104, [32])
(105, [33])
(106, [34])
(107, [34, 35, 36])
(108, [36])
(110, [37])
(168, [38])
