(128, [37])
(149, [44])
(2, [0])
(131, [38, 39])
(132, [40])
(133, [41])
(7, [1])
(8, [1])
(130, [38])
(14, [2])
(15, [2])
(141, [42])
(147, [43])
(20, [3])
(21, [4, 5])
(28, [6])
(38, [7, 8])
(39, [7, 8])
(48, [9, 10])
(49, [9, 10])
(61, [11])
(62, [11, 12])
(75, [13])
(76, [13, 14])
(77, [14])
(79, [15])
(80, [15])
(81, [16])
(82, [16])
(84, [17])
(87, [18, 19])
(88, [20])
(89, [20])
(90, [21])
(91, [22])
(98, [23])
(99, [24])
(100, [25])
(103, [26])
(104, [27, 28])
(107, [29, 30])
(108, [31])
(109, [31])
(110, [32])
(111, [33])
(112, [34])
(113, [34])
(115, [35])
(118, [36])
(127, [37])
