(0, [0])
(128, [33])
(2, [1])
(3, [2])
(5, [3])
(6, [4])
(135, [34])
(8, [5])
(9, [6])
(10, [7])
(13, [8])
(15, [9])
(144, [37])
(17, [10])
(146, [38])
(20, [11, 12, 13])
(149, [39, 40])
(150, [41])
(155, [42])
(28, [14])
(29, [14])
(161, [44])
(162, [45])
(163, [45])
(36, [15])
(38, [16])
(168, [46])
(156, [43])
(44, [17])
(136, [34])
(53, [18])
(137, [35])
(58, [19])
(138, [36])
(65, [20])
(68, [21])
(76, [22])
(94, [23])
(95, [23])
(98, [24])
(99, [24])
(101, [25])
(103, [26])
(105, [27])
(109, [28])
(111, [29])
(122, [30, 31])
(125, [32])
(126, [32])
