(2, [0])
(171, [51])
(6, [1])
(7, [2])
(8, [3])
(9, [3, 4, 5])
(138, [39])
(139, [40])
(12, [6])
(13, [6])
(144, [42])
(164, [49])
(18, [7])
(147, [43, 44])
(20, [8])
(25, [9])
(26, [9, 10])
(156, [45])
(157, [46])
(30, [11])
(32, [12])
(33, [12])
(162, [48])
(163, [48])
(36, [13])
(134, [37])
(38, [14])
(177, [53])
(169, [50])
(170, [50])
(135, [38])
(172, [51, 52])
(226, [61])
(176, [53])
(49, [15])
(209, [58])
(182, [54])
(244, [63])
(186, [55, 56])
(187, [56])
(245, [64])
(160, [47])
(66, [16])
(67, [17])
(246, [65])
(198, [57])
(225, [61])
(140, [41])
(76, [18, 19])
(77, [19])
(229, [62])
(80, [20])
(81, [20, 21])
(212, [59])
(213, [59, 60])
(214, [60])
(89, [22])
(91, [23])
(92, [24])
(93, [25])
(165, [49])
(97, [26])
(98, [26, 27])
(99, [27])
(228, [62])
(101, [28])
(102, [28, 29])
(103, [29, 30, 31])
(105, [32])
(108, [33])
(146, [43])
(112, [34])
(116, [35])
(117, [36])
(118, [36])
(250, [66])
