(1, [0])
(2, [0])
(131, [37])
(132, [38, 39])
(133, [39])
(129, [36])
(8, [1])
(9, [2])
(10, [2])
(139, [40])
(12, [3])
(13, [3])
(143, [42])
(16, [4])
(18, [5])
(19, [5, 6, 7])
(20, [8])
(21, [8, 9])
(23, [10])
(201, [61])
(157, [43])
(214, [64])
(161, [44, 45])
(36, [11])
(165, [47])
(166, [47])
(177, [52])
(168, [48])
(169, [49])
(173, [50])
(47, [12])
(176, [51])
(49, [13])
(50, [13])
(180, [53])
(181, [53])
(183, [54])
(56, [14])
(185, [55])
(187, [56])
(192, [57, 58])
(193, [57, 58])
(194, [59, 60])
(228, [67])
(130, [36, 37])
(72, [15])
(140, [41])
(202, [61])
(205, [62, 63])
(78, [16])
(79, [16, 17])
(80, [17])
(81, [18])
(82, [18])
(83, [19])
(84, [20, 21])
(85, [21])
(86, [22])
(87, [22])
(88, [23])
(164, [46])
(90, [24])
(219, [66])
(96, [25])
(97, [25])
(98, [26])
(99, [27])
(100, [28])
(101, [29, 30])
(103, [31])
(178, [52])
(231, [68])
(236, [69])
(110, [32])
(111, [32])
(206, [62, 63])
(115, [33])
(217, [65])
(125, [34])
(126, [35])
(127, [35])
