(1, [0])
(3, [1, 2])
(193, [52])
(243, [62])
(14, [3, 4])
(15, [4])
(16, [5])
(147, [41])
(148, [41])
(22, [6])
(23, [7])
(152, [42])
(25, [8])
(26, [8])
(28, [9, 10])
(30, [11])
(33, [12])
(34, [12])
(36, [13])
(38, [14])
(171, [44])
(177, [45, 46])
(178, [46])
(179, [47])
(181, [48])
(182, [48])
(184, [49])
(185, [49, 50])
(58, [15])
(187, [51])
(188, [51])
(62, [16])
(63, [16])
(65, [17])
(198, [53])
(72, [18])
(201, [54, 55])
(202, [55])
(75, [19])
(76, [20])
(77, [21])
(79, [22])
(208, [56])
(82, [23])
(83, [23])
(212, [57])
(85, [24])
(86, [24])
(186, [50])
(164, [43])
(91, [25])
(92, [26, 27])
(93, [27])
(211, [57])
(96, [28])
(97, [29, 30])
(98, [29, 30])
(99, [31])
(100, [31, 32])
(101, [33])
(232, [59])
(106, [34, 35])
(239, [61])
(229, [58])
(113, [36])
(115, [37])
(116, [37])
(117, [38, 39])
(118, [39])
(153, [42])
(122, [40])
(234, [60])
