(0, [0])
(1, [0, 1])
(2, [2])
(3, [3])
(260, [53])
(133, [29, 30])
(6, [4])
(8, [5])
(9, [6])
(128, [27])
(267, [56])
(130, [28])
(16, [7])
(145, [33])
(21, [8])
(278, [58])
(23, [9])
(153, [34])
(154, [34])
(283, [60])
(265, [55])
(29, [10])
(30, [10])
(160, [35])
(289, [62])
(290, [62])
(35, [11])
(134, [31])
(294, [63])
(305, [64, 65])
(284, [61])
(42, [12])
(45, [13])
(285, [61])
(136, [32])
(243, [49])
(53, [14])
(55, [15])
(266, [56])
(62, [16])
(191, [37])
(193, [38])
(194, [39])
(195, [40])
(68, [17])
(71, [18, 19])
(72, [20])
(73, [20])
(202, [41])
(78, [21])
(282, [59, 60])
(210, [42])
(163, [36])
(264, [54, 55])
(213, [43])
(223, [44, 45])
(144, [33])
(227, [46])
(273, [57])
(272, [57])
(241, [47])
(242, [48])
(211, [42])
(244, [49])
(117, [22])
(118, [23])
(119, [24])
(120, [24])
(251, [50])
(124, [25])
(253, [51])
(254, [52])
(127, [26])
