(0, [0])
(129, [29])
(2, [1])
(133, [30])
(162, [36])
(10, [2])
(215, [53])
(192, [45])
(141, [31])
(14, [3])
(143, [32, 33])
(145, [34])
(146, [34])
(23, [4])
(24, [4])
(196, [48])
(155, [35])
(31, [5])
(32, [5])
(33, [6])
(34, [6])
(219, [55])
(164, [37])
(37, [7])
(38, [7])
(169, [39])
(170, [39])
(44, [8])
(181, [40])
(54, [9])
(183, [41])
(184, [41])
(185, [42])
(186, [43])
(190, [44])
(63, [10])
(64, [11])
(193, [46])
(194, [47])
(195, [48])
(68, [12])
(69, [12])
(161, [36])
(72, [13])
(73, [13])
(202, [49])
(76, [14])
(77, [14, 15])
(78, [15, 16])
(205, [50, 51])
(208, [52])
(214, [53])
(87, [17])
(88, [17, 18])
(89, [18])
(207, [52])
(94, [19])
(95, [19])
(165, [38])
(104, [20])
(105, [20, 21])
(106, [21])
(112, [22])
(115, [23])
(204, [50, 51])
(119, [24])
(120, [25])
(217, [54])
(123, [26])
(124, [27])
(127, [28])
