(131, [25])
(132, [25])
(133, [26])
(10, [0])
(11, [0])
(140, [27])
(21, [1])
(23, [2])
(24, [2])
(157, [29])
(158, [30])
(176, [35])
(162, [31])
(164, [32])
(37, [3])
(38, [3])
(39, [4, 5])
(40, [4, 5])
(169, [33])
(43, [6])
(223, [45])
(175, [34])
(48, [7])
(200, [42])
(178, [36])
(179, [36, 37])
(180, [37])
(201, [42])
(186, [38])
(59, [8])
(151, [28])
(62, [9])
(192, [40])
(224, [45])
(66, [10])
(139, [27])
(196, [41])
(71, [11])
(72, [11])
(73, [12])
(74, [12])
(76, [13])
(77, [14])
(78, [14])
(84, [15])
(89, [16])
(90, [16])
(221, [43])
(222, [44])
(95, [17])
(96, [17])
(165, [32])
(98, [18])
(227, [46])
(100, [19])
(102, [20])
(104, [21])
(106, [22])
(110, [23])
(111, [23])
(168, [33])
(190, [39])
(123, [24])
