(128, [42, 43])
(1, [0, 1])
(2, [2])
(4, [3])
(5, [3, 4])
(6, [4])
(7, [5])
(8, [5])
(9, [6, 7])
(13, [8])
(14, [9])
(15, [10, 11])
(16, [11])
(19, [12])
(20, [12, 13])
(21, [13])
(25, [14])
(26, [14])
(36, [15])
(38, [16])
(39, [17])
(129, [42, 43])
(42, [18])
(43, [18, 19])
(136, [44])
(51, [20])
(52, [21])
(53, [22])
(55, [23])
(56, [23])
(70, [24])
(71, [24])
(75, [25])
(77, [26])
(78, [27, 28])
(79, [28])
(80, [29, 30])
(81, [31])
(82, [32])
(83, [33])
(135, [44])
(96, [34])
(102, [35])
(103, [35])
(104, [36])
(111, [37])
(112, [37])
(117, [38])
(118, [38])
(120, [39, 40])
(125, [41])
(126, [41])
