(129, [40])
(2, [0])
(171, [56, 57])
(4, [1])
(5, [2])
(134, [42])
(7, [3])
(8, [4])
(9, [4])
(138, [44, 45])
(132, [41])
(140, [46])
(141, [47, 48])
(14, [5])
(152, [52])
(146, [49])
(21, [6, 7])
(151, [51])
(24, [8])
(25, [8, 9])
(26, [9])
(156, [53])
(133, [42])
(32, [10])
(163, [54])
(37, [11])
(38, [11])
(40, [12])
(170, [56])
(135, [43])
(46, [13])
(175, [58])
(48, [14])
(49, [14])
(50, [15])
(55, [16])
(56, [16])
(58, [17])
(73, [18])
(74, [19])
(75, [19, 20])
(76, [21])
(79, [22])
(81, [23])
(84, [24])
(88, [25])
(89, [26])
(90, [27])
(91, [27, 28, 29])
(92, [29])
(93, [30])
(97, [31])
(98, [32])
(100, [33])
(101, [33])
(102, [34, 35])
(104, [36])
(109, [37])
(110, [38])
(174, [58])
(168, [55])
(116, [39])
(137, [44])
(149, [50])
