(128, [31])
(192, [47])
(2, [0])
(140, [33])
(130, [32])
(15, [1])
(141, [33, 34])
(145, [35])
(146, [36])
(19, [2])
(148, [37, 38])
(150, [39])
(24, [3])
(25, [3])
(26, [4])
(27, [5])
(28, [6, 7])
(29, [7])
(158, [40])
(161, [41])
(162, [41])
(163, [42])
(167, [43])
(168, [43])
(44, [8])
(45, [8, 9])
(183, [44, 45])
(184, [44, 45])
(58, [10])
(187, [46])
(63, [11, 12])
(64, [12])
(67, [13])
(197, [48])
(198, [49])
(72, [14, 15])
(73, [14, 15])
(75, [16])
(76, [17])
(77, [17, 18])
(78, [18])
(79, [19])
(80, [20])
(186, [46])
(91, [21])
(93, [22])
(94, [22])
(102, [23])
(105, [24])
(191, [47])
(111, [25, 26])
(112, [26])
(114, [27])
(115, [28])
(123, [29])
(124, [29, 30])
(125, [30])
