(0, [0])
(1, [0])
(4, [1])
(12, [2, 3])
(13, [4])
(21, [5])
(22, [5])
(25, [6])
(26, [6, 7])
(27, [7])
(32, [8])
(35, [9])
(36, [10])
(38, [11])
(52, [12])
(53, [12, 13])
(54, [14])
(55, [14])
(61, [15])
(68, [16])
(71, [17])
(72, [17])
(76, [18])
(79, [19])
(81, [20])
(82, [21])
(84, [22])
(87, [23])
(88, [24, 25])
(89, [26])
(90, [27, 28])
(91, [28])
(93, [29])
(94, [30])
(95, [31])
(96, [31])
(99, [32])
(100, [32])
(101, [33])
(102, [33])
(105, [34])
(106, [35])
(107, [35])
(113, [36])
(116, [37])
(118, [38])
(119, [38])
(120, [39])
(123, [40])
(127, [41])
(128, [42])
(129, [42])
(130, [43])
(131, [43, 44])
(132, [44])
(137, [45])
(147, [46])
(155, [47])
(156, [47])
(157, [48])
(164, [49])
(166, [50])
(170, [51, 52])
(172, [53])
(178, [54])
(179, [54])
(184, [55])
(185, [55, 56])
(188, [57])
(189, [58])
(202, [59])
(203, [59])
(204, [60, 61])
(213, [62])
(215, [63])
(218, [64])
(221, [65])
(222, [66])
(223, [66])
(224, [67])
(226, [68])
(227, [69])
(228, [70])
(235, [71])
(238, [72])
(239, [72])
(247, [73])
(249, [74])
(252, [75])
(257, [76])
(258, [76])
(261, [77])
