(2, [0])
(7, [1])
(8, [2])
(9, [3])
(139, [29])
(140, [29])
(13, [4])
(142, [30])
(143, [31])
(144, [32])
(146, [33])
(147, [33])
(20, [5])
(21, [5])
(23, [6])
(32, [7])
(38, [8])
(42, [9])
(43, [9])
(44, [10])
(48, [11])
(52, [12])
(53, [13, 14])
(54, [14])
(61, [15])
(64, [16])
(65, [16])
(67, [17])
(69, [18])
(72, [19])
(76, [20])
(77, [20])
(141, [30])
(87, [21])
(97, [22])
(105, [23])
(111, [24])
(112, [25])
(113, [25])
(119, [26])
(120, [26])
(122, [27])
(123, [27])
(124, [28])
(125, [28])
