(3, [0])
(4, [0])
(214, [61])
(6, [1])
(9, [2])
(138, [42])
(139, [43, 44])
(140, [43, 44])
(194, [54])
(14, [3])
(15, [3])
(18, [4])
(131, [41])
(215, [61])
(153, [46])
(25, [5])
(27, [6])
(157, [47])
(30, [7])
(162, [48])
(38, [8])
(39, [8])
(42, [9])
(171, [49])
(46, [10])
(177, [50])
(50, [11])
(51, [11])
(52, [12])
(183, [51])
(56, [13])
(57, [13, 14, 15])
(60, [16])
(190, [52])
(63, [17])
(64, [18])
(193, [53])
(66, [19])
(195, [54])
(197, [55])
(211, [60])
(199, [56])
(72, [20])
(201, [57])
(202, [58])
(75, [21])
(205, [59])
(79, [22])
(83, [23])
(84, [24])
(85, [25])
(86, [26, 27])
(87, [28])
(216, [62])
(217, [62])
(93, [29])
(222, [63])
(223, [64])
(97, [30])
(98, [30])
(99, [31])
(100, [31, 32])
(101, [32, 33])
(142, [45])
(106, [34])
(107, [35])
(108, [35])
(111, [36])
(114, [37])
(115, [37, 38])
(117, [39])
(118, [39])
(125, [40])
