(2, [0])
(131, [41])
(7, [1])
(10, [2])
(14, [3])
(16, [4])
(19, [5])
(20, [6])
(22, [7])
(24, [8, 9])
(25, [9])
(29, [10])
(30, [10])
(34, [11])
(36, [12])
(39, [13, 14, 15])
(40, [15])
(41, [16])
(42, [17])
(43, [17])
(45, [18])
(46, [19])
(53, [20])
(59, [21])
(65, [22])
(66, [23])
(71, [24])
(72, [24])
(74, [25])
(75, [26])
(78, [27])
(89, [28])
(90, [29])
(92, [30])
(97, [31])
(98, [31])
(99, [32])
(101, [33])
(107, [34])
(108, [34, 35])
(109, [36])
(110, [36])
(116, [37])
(118, [38])
(119, [39])
(127, [40])
