(130, [33])
(3, [0])
(4, [0, 1])
(6, [2])
(135, [36])
(137, [37])
(10, [3])
(11, [4])
(12, [5])
(13, [6])
(14, [6])
(143, [38, 39])
(16, [7])
(131, [33])
(149, [40])
(24, [8])
(33, [9])
(35, [10])
(164, [41])
(37, [11])
(166, [42])
(39, [12])
(168, [43])
(223, [51])
(221, [50])
(49, [13])
(178, [44])
(134, [34, 35])
(56, [14])
(57, [15])
(58, [15])
(59, [16])
(60, [16])
(138, [37])
(62, [17, 18])
(65, [19])
(177, [44])
(73, [20])
(76, [21])
(206, [49])
(80, [22, 23])
(82, [24])
(83, [25])
(84, [25])
(89, [26])
(90, [26])
(186, [45])
(95, [27])
(102, [28])
(103, [28])
(232, [52])
(188, [46])
(110, [29])
(189, [47])
(113, [30])
(204, [48])
(246, [53])
(121, [31])
(250, [54])
(123, [32])
(124, [32])
