(3, [0])
(134, [33])
(7, [1])
(9, [2])
(10, [3])
(11, [3, 4])
(14, [5])
(15, [5])
(16, [6])
(17, [6, 7])
(195, [48])
(150, [37])
(23, [8])
(24, [8])
(154, [38])
(155, [39])
(156, [39])
(31, [9])
(32, [9])
(33, [10])
(35, [11])
(168, [40])
(41, [12])
(172, [41])
(142, [36])
(175, [42])
(52, [13])
(181, [43])
(138, [34, 35])
(137, [34])
(56, [14])
(59, [15])
(60, [15, 16])
(61, [16, 17])
(190, [45])
(191, [46])
(192, [46])
(193, [47])
(194, [47, 48])
(139, [35])
(196, [49])
(197, [49])
(71, [18])
(74, [19])
(75, [19])
(204, [50])
(77, [20])
(78, [20, 21])
(208, [51])
(209, [52])
(210, [52])
(84, [22])
(85, [22])
(89, [23])
(218, [53])
(219, [53])
(96, [24])
(97, [25])
(98, [25])
(99, [26])
(103, [27, 28])
(104, [28])
(106, [29])
(108, [30])
(189, [45])
(187, [44])
(120, [31])
(123, [32])
