(129, [33])
(130, [33])
(3, [0])
(4, [1])
(6, [2])
(7, [3])
(9, [4])
(10, [5])
(139, [35])
(12, [6])
(13, [7])
(14, [8])
(17, [9])
(19, [10])
(148, [38])
(21, [11])
(150, [39])
(153, [40, 41])
(24, [12, 13, 14])
(132, [34])
(154, [42])
(159, [43])
(32, [15])
(33, [15])
(197, [53])
(165, [45])
(166, [46])
(167, [46])
(40, [16])
(42, [17])
(172, [47])
(48, [18])
(178, [48])
(181, [49])
(182, [50])
(57, [19])
(188, [51])
(62, [20])
(160, [44])
(69, [21])
(72, [22])
(140, [35])
(141, [36])
(80, [23])
(142, [37])
(98, [24])
(99, [24])
(102, [25])
(103, [25])
(105, [26])
(107, [27])
(109, [28])
(113, [29])
(115, [30])
(190, [52])
(126, [31, 32])
