(2, [0])
(9, [1])
(11, [2])
(13, [3])
(14, [4])
(15, [5])
(16, [6])
(17, [6, 7, 8])
(18, [8])
(20, [10])
(21, [9, 10])
(23, [11])
(152, [43])
(32, [12])
(33, [12])
(162, [45])
(35, [13])
(165, [46])
(168, [47])
(42, [14])
(176, [49])
(174, [48])
(46, [15])
(47, [15])
(48, [16])
(181, [50])
(182, [50])
(137, [42])
(184, [51])
(185, [51])
(187, [52])
(60, [17])
(61, [18])
(191, [54])
(192, [54, 55])
(193, [56])
(66, [19])
(197, [58])
(198, [58])
(161, [44])
(194, [57])
(73, [20])
(74, [20])
(76, [21])
(80, [22])
(82, [23, 24])
(83, [24])
(97, [25])
(98, [26])
(100, [27])
(101, [27])
(102, [28])
(188, [53])
(107, [29])
(108, [30])
(109, [30, 31, 32])
(110, [32])
(111, [33])
(112, [33])
(113, [34])
(114, [34])
(116, [35, 36, 37])
(117, [37])
(122, [38])
(124, [39, 40, 41])
