(1, [0])
(2, [1])
(135, [38])
(9, [2])
(10, [3])
(11, [3])
(140, [39])
(27, [4])
(36, [5])
(39, [6])
(40, [6, 7])
(44, [8, 9])
(45, [9])
(48, [10])
(49, [11])
(50, [12])
(53, [13])
(54, [13, 14])
(55, [15])
(56, [15])
(57, [16])
(58, [16])
(59, [17, 18])
(60, [19])
(61, [19])
(66, [20])
(67, [20, 21])
(68, [21])
(70, [22])
(73, [23])
(74, [23])
(77, [24])
(78, [24])
(81, [25])
(85, [26])
(86, [26])
(98, [27])
(103, [28])
(106, [29])
(109, [30])
(110, [30, 31])
(111, [31, 32])
(112, [32])
(116, [33])
(118, [34])
(119, [34])
(121, [35])
(124, [36])
(125, [37])
(126, [37])
