(209, [59, 60])
(132, [36])
(131, [36])
(4, [0])
(5, [0])
(6, [1])
(135, [37])
(136, [37])
(9, [2])
(10, [3])
(140, [38, 39])
(141, [39])
(16, [4])
(145, [40])
(18, [5])
(147, [41, 42])
(20, [6])
(21, [7])
(22, [8])
(153, [43])
(24, [9])
(25, [9])
(154, [43])
(27, [10, 11])
(28, [10, 11])
(30, [12])
(159, [44])
(164, [45, 46])
(146, [41])
(170, [47])
(43, [13])
(172, [48])
(173, [48])
(47, [14, 15])
(176, [50])
(51, [16])
(158, [44])
(54, [17])
(55, [17])
(60, [18])
(61, [18])
(190, [54])
(63, [19])
(175, [49, 50])
(67, [20])
(68, [20, 21])
(182, [52])
(198, [55])
(199, [55])
(72, [22])
(73, [22, 23])
(183, [52])
(76, [24])
(77, [24])
(205, [57])
(208, [58, 59])
(81, [25])
(210, [60])
(84, [26])
(203, [56])
(216, [61])
(217, [62])
(218, [62])
(92, [27])
(96, [28])
(97, [28])
(188, [53])
(103, [29])
(104, [29])
(105, [30])
(106, [30, 31])
(109, [32])
(179, [51])
(204, [56])
(118, [33])
(122, [34])
(123, [34, 35])
