(128, [34])
(2, [0])
(132, [35])
(133, [35, 36])
(6, [1])
(136, [37])
(13, [2])
(141, [38])
(17, [3])
(167, [43])
(20, [4])
(152, [39])
(25, [5])
(27, [6])
(29, [7])
(30, [8])
(31, [8, 9])
(32, [9])
(34, [10])
(165, [41])
(166, [42])
(39, [11])
(168, [44, 45])
(169, [45])
(49, [12])
(50, [12])
(179, [47])
(55, [13])
(56, [13])
(57, [14])
(187, [49])
(62, [15])
(160, [40])
(66, [16])
(70, [17])
(71, [17])
(177, [46])
(183, [48])
(79, [18])
(84, [19])
(85, [19])
(89, [20])
(90, [21])
(91, [21, 22, 23])
(92, [24])
(95, [25])
(96, [25])
(97, [26, 27])
(107, [28])
(111, [29])
(116, [30])
(120, [31])
(218, [50])
(124, [32, 33])
