(0, [0])
(129, [18])
(130, [18])
(134, [19])
(7, [1])
(13, [2])
(144, [20])
(146, [21])
(19, [3, 4])
(148, [22])
(155, [23, 24])
(156, [24])
(157, [25])
(158, [25])
(31, [5])
(161, [26])
(45, [6])
(47, [7])
(178, [27])
(54, [8])
(55, [8])
(59, [9])
(202, [29])
(190, [28])
(63, [10])
(74, [11])
(203, [30])
(204, [31])
(205, [31])
(208, [32])
(209, [32])
(212, [33])
(213, [33])
(214, [34])
(215, [34])
(97, [12])
(98, [12])
(100, [13])
(101, [13])
(233, [35])
(108, [14])
(111, [15])
(112, [16])
(113, [16])
(242, [36])
(147, [22])
(246, [37])
(121, [17])
(122, [17])
(252, [38])
(253, [38])
