(129, [44, 45])
(130, [45])
(132, [46])
(6, [0])
(137, [49])
(10, [1])
(11, [2])
(12, [2])
(16, [3])
(18, [4, 5])
(19, [6])
(21, [7])
(22, [7])
(27, [8, 9])
(28, [10])
(31, [11])
(32, [12, 13])
(34, [14])
(134, [47, 48])
(39, [15])
(40, [16])
(42, [17])
(44, [18])
(48, [19, 20])
(49, [21])
(51, [22])
(52, [23])
(55, [24])
(60, [25, 26])
(61, [27])
(62, [27])
(66, [28])
(67, [28, 29])
(70, [30])
(71, [30])
(140, [50])
(78, [31])
(80, [32])
(81, [32, 33])
(96, [34, 35])
(97, [36])
(101, [37])
(103, [38, 39])
(104, [39])
(105, [40])
(106, [41])
(126, [42])
(127, [43])
