(0, [0])
(1, [0])
(4, [1])
(6, [2])
(7, [3])
(184, [44])
(128, [29])
(151, [35, 36])
(219, [57])
(144, [31])
(18, [4])
(19, [4, 5])
(148, [33])
(149, [34])
(150, [35])
(23, [6])
(218, [57])
(154, [37])
(155, [37])
(28, [7])
(29, [7])
(30, [8])
(237, [60])
(162, [40])
(35, [9])
(36, [10])
(129, [30])
(156, [38, 39])
(199, [49, 50])
(172, [41])
(173, [42])
(174, [42])
(157, [39])
(200, [49, 50])
(50, [11])
(51, [12])
(182, [43])
(56, [13])
(57, [13, 14])
(58, [15])
(59, [15, 16])
(60, [16])
(191, [45])
(193, [46])
(194, [47])
(195, [47])
(196, [48])
(69, [17])
(71, [18])
(72, [18])
(201, [51])
(203, [52])
(205, [53])
(79, [19])
(80, [19])
(81, [20])
(210, [54])
(211, [55])
(84, [21])
(213, [56])
(90, [22])
(91, [22, 23])
(92, [23])
(221, [58])
(227, [59])
(107, [24])
(146, [32])
(238, [61])
(239, [61])
(115, [25])
(117, [26])
(118, [27])
(120, [28])
(212, [55])
