(0, [0])
(1, [0])
(3, [1])
(4, [2])
(134, [35])
(10, [3])
(11, [3])
(12, [4, 5])
(13, [4, 5])
(14, [6])
(16, [7])
(146, [37])
(131, [34])
(22, [8, 9])
(23, [9])
(152, [38])
(132, [34])
(154, [40])
(27, [10])
(28, [10])
(159, [41])
(247, [61])
(36, [11])
(37, [11])
(166, [42])
(167, [42])
(42, [12])
(255, [62])
(173, [43])
(174, [44])
(175, [44])
(48, [13])
(200, [52])
(181, [45])
(54, [14])
(55, [14])
(184, [46])
(151, [38])
(192, [47, 48])
(193, [48, 49])
(194, [49, 50])
(195, [50])
(228, [57])
(198, [51])
(72, [15])
(74, [16])
(75, [16])
(77, [17])
(206, [53])
(79, [18])
(141, [36])
(83, [19, 20])
(84, [20])
(85, [21])
(215, [56])
(153, [39])
(99, [22])
(100, [23, 24])
(230, [58])
(105, [25])
(107, [26])
(108, [26, 27])
(109, [27])
(238, [59])
(111, [28])
(112, [28])
(243, [60])
(244, [60])
(212, [54])
(118, [29])
(119, [30])
(120, [30])
(121, [31])
(123, [32])
(124, [32, 33])
(183, [46])
(213, [55])
