(1, [0])
(133, [41])
(6, [1])
(8, [2])
(9, [3])
(138, [43])
(11, [4])
(12, [5])
(13, [5])
(142, [45, 46])
(141, [45])
(145, [48, 49])
(18, [6])
(144, [47])
(150, [50])
(153, [51])
(25, [7, 8])
(179, [59])
(155, [52])
(28, [9])
(29, [9, 10])
(30, [10])
(160, [54])
(36, [11])
(167, [55])
(41, [12])
(42, [12])
(44, [13])
(178, [59])
(174, [57])
(175, [57, 58])
(136, [42])
(50, [14])
(172, [56])
(52, [15])
(53, [15])
(54, [16])
(137, [43])
(185, [60])
(59, [17])
(60, [17])
(62, [18])
(139, [44])
(77, [19])
(78, [20])
(79, [20, 21])
(80, [22])
(156, [53])
(83, [23])
(85, [24])
(88, [25])
(92, [26])
(93, [27])
(94, [28])
(95, [28, 29, 30])
(96, [30])
(97, [31])
(101, [32])
(102, [33])
(104, [34])
(105, [34])
(106, [35, 36])
(108, [37])
(113, [38])
(114, [39])
(120, [40])
