(0, [0, 1])
(1, [2])
(214, [62, 63])
(184, [54])
(136, [39])
(9, [3])
(10, [3])
(11, [4])
(140, [40])
(141, [40])
(14, [5])
(15, [6])
(145, [41, 42])
(146, [42])
(21, [7])
(150, [43])
(23, [8])
(152, [44, 45])
(25, [9])
(26, [10])
(27, [11])
(29, [12])
(30, [12])
(159, [46])
(32, [13, 14])
(33, [13, 14])
(35, [15])
(164, [47])
(210, [60])
(169, [48, 49])
(193, [56])
(151, [44])
(175, [50])
(48, [16])
(177, [51])
(178, [51])
(128, [37, 38])
(52, [17, 18])
(158, [46])
(137, [39])
(56, [19])
(180, [52, 53])
(59, [20])
(60, [20])
(181, [53])
(65, [21])
(66, [21])
(195, [57])
(68, [22])
(72, [23])
(73, [23, 24])
(203, [58])
(204, [58])
(77, [25])
(78, [25, 26])
(208, [59])
(81, [27])
(82, [27])
(163, [47])
(213, [61, 62])
(86, [28])
(215, [63])
(89, [29])
(221, [64])
(222, [65])
(223, [65])
(97, [30])
(187, [55])
(101, [31])
(102, [31])
(209, [59])
(188, [55])
(108, [32])
(109, [32])
(110, [33])
(111, [33, 34])
(114, [35])
(123, [36])
(127, [37])
