(128, [45, 46])
(213, [73])
(3, [0])
(132, [47])
(5, [1])
(6, [1])
(8, [2])
(226, [79])
(138, [50, 51])
(11, [3])
(15, [4])
(16, [4])
(18, [5])
(144, [52])
(23, [6])
(24, [6])
(27, [7])
(28, [7])
(29, [8])
(158, [54])
(31, [9])
(133, [48])
(214, [74])
(162, [55])
(155, [53])
(164, [56])
(165, [56])
(166, [57])
(39, [10, 11, 12])
(156, [53])
(170, [62])
(171, [63])
(174, [64])
(136, [49])
(53, [13])
(182, [65])
(55, [14])
(159, [54])
(63, [15])
(64, [15, 16])
(66, [17])
(203, [69])
(225, [78])
(200, [67, 68])
(201, [68])
(202, [69])
(75, [18, 19])
(76, [18, 19, 20])
(77, [20, 21])
(78, [21])
(210, [71])
(211, [72])
(212, [73])
(85, [22, 23])
(86, [23])
(216, [75])
(169, [60, 61, 62])
(167, [58, 59])
(220, [76])
(223, [77])
(96, [24])
(97, [24, 25, 26])
(98, [26])
(187, [66])
(100, [27])
(101, [28, 29])
(102, [29])
(103, [30])
(106, [31])
(107, [31])
(110, [32, 33])
(114, [34, 35, 36])
(115, [37])
(204, [70])
(117, [38])
(118, [39, 40, 41])
(119, [41])
(124, [42])
(126, [43])
(127, [44])
