(129, [34])
(3, [0])
(8, [1])
(9, [1])
(138, [37])
(11, [2])
(12, [3, 4])
(194, [48])
(131, [35])
(21, [5])
(24, [6])
(26, [7])
(27, [7])
(30, [8])
(31, [8])
(32, [9])
(161, [40])
(162, [40])
(168, [41])
(169, [42, 43])
(42, [10])
(43, [10, 11, 12])
(44, [12])
(47, [13])
(206, [52])
(136, [36])
(179, [44])
(180, [44])
(158, [38, 39])
(201, [49])
(184, [45])
(57, [14])
(58, [14])
(159, [39])
(188, [46])
(63, [15])
(192, [47])
(65, [16])
(66, [17])
(195, [48])
(73, [18])
(187, [46])
(203, [50])
(76, [19])
(78, [20])
(79, [20])
(208, [53])
(84, [21, 22, 23])
(85, [23])
(89, [24])
(99, [25])
(100, [25])
(103, [26, 27])
(104, [27])
(105, [28])
(114, [29])
(115, [30])
(204, [51])
(117, [31])
(121, [32])
(122, [32, 33])
(170, [43])
