(4, [0])
(8, [1])
(12, [2])
(13, [2, 3])
(14, [4])
(16, [5])
(18, [6])
(19, [7])
(20, [7])
(23, [8])
(24, [8])
(29, [9])
(30, [10])
(35, [11])
(36, [12])
(37, [12, 13])
(39, [14, 15])
(44, [16])
(45, [17])
(47, [18])
(48, [18])
(57, [19])
(58, [19])
(61, [20])
(62, [21])
(71, [22])
(79, [23])
(80, [24])
(88, [25])
(90, [26])
(98, [27])
(99, [27, 28])
(104, [29])
(106, [30])
(109, [31])
(110, [32])
(123, [33])
(132, [34])
(137, [35])
(138, [35])
(141, [36])
(149, [37])
(159, [38])
(160, [38, 39])
(161, [39])
(165, [40])
(166, [40])
(168, [41])
(170, [42])
(174, [43])
(176, [44])
(177, [44])
(180, [45])
(182, [46])
(183, [47])
(185, [48])
(189, [49])
(191, [50])
(193, [51])
(194, [52])
(195, [52])
(203, [53, 54])
(213, [55])
(214, [55])
(215, [56])
(217, [57])
(219, [58])
(220, [59])
(222, [60, 61])
(226, [62])
(227, [63])
(229, [64])
(231, [65, 66])
(235, [67])
(236, [67, 68])
(238, [69])
(241, [70])
(247, [71, 72])
(248, [73])
(252, [74])
(253, [74])
(265, [75])
(266, [75])
(268, [76])
(274, [77])
(278, [78, 79])
(285, [80])
(286, [80])
(293, [81])
(294, [82])
(295, [82])
