(3, [0])
(133, [25])
(136, [26])
(10, [1])
(151, [30])
(13, [2])
(14, [3])
(15, [3])
(272, [51])
(273, [51])
(148, [28])
(149, [28])
(150, [29])
(23, [4])
(27, [5])
(28, [6])
(218, [43])
(160, [32])
(161, [32])
(163, [33])
(241, [47])
(40, [7])
(156, [31])
(42, [8])
(173, [35])
(174, [35, 36])
(264, [48])
(180, [37])
(53, [9])
(54, [9])
(202, [39])
(63, [10])
(192, [38])
(65, [11])
(228, [44])
(69, [12])
(201, [39])
(74, [13])
(75, [13])
(206, [40])
(141, [27])
(84, [14])
(85, [14])
(86, [15])
(89, [16])
(90, [17])
(219, [43])
(94, [18])
(95, [18])
(100, [19, 20])
(101, [20])
(232, [45])
(233, [45])
(107, [21])
(238, [46])
(240, [47])
(113, [22])
(114, [23])
(170, [34])
(212, [41, 42])
(269, [49, 50])
(191, [38])
(125, [24])
(126, [24])
