(0, [0, 1])
(2, [2])
(4, [3])
(8, [4])
(11, [5])
(13, [6])
(15, [7])
(16, [7])
(17, [8])
(30, [9])
(38, [10])
(39, [10])
(44, [11])
(46, [12])
(47, [13, 14])
(49, [15])
(50, [15])
(54, [16])
(56, [17, 18])
(60, [19])
(64, [20])
(65, [21])
(66, [22])
(67, [22])
(71, [23])
(72, [23])
(76, [24, 25])
(77, [25])
(80, [26])
(81, [27])
(82, [27])
(84, [28])
(95, [29])
(96, [30])
(97, [31])
(100, [32, 33])
(101, [33])
(106, [34])
(107, [34, 35])
(112, [36])
(117, [37, 38])
(118, [37, 38])
(122, [39])
(123, [40])
(126, [41])
(127, [42])
(134, [43])
(137, [44])
(138, [45, 46])
(139, [46])
(141, [47])
(142, [48])
(143, [49])
(145, [50])
(153, [51, 52])
(154, [52])
(155, [53])
(156, [54])
(159, [55])
(165, [56])
(166, [56])
(176, [57])
(177, [57])
(181, [58])
(182, [59, 60])
(185, [61, 62])
(186, [63])
(192, [64])
(193, [64, 65])
(195, [66])
(198, [67])
(199, [68, 69])
(200, [69])
(202, [70])
(206, [71, 72])
(207, [73])
(208, [73])
(209, [74, 75])
(212, [76])
(213, [77])
(223, [78])
(224, [78])
(225, [79])
(226, [79])
(227, [80])
(229, [81])
(230, [81])
(233, [82])
(238, [83])
