(4, [0])
(19, [1])
(20, [1])
(21, [2])
(22, [3])
(23, [4])
(24, [5])
(29, [6])
(30, [6])
(41, [7])
(48, [8])
(49, [8, 9])
(50, [9])
(54, [10])
(55, [10, 11])
(56, [12])
(57, [12])
(60, [13])
(62, [14])
(63, [14, 15])
(66, [16])
(67, [17])
(70, [18])
(71, [18, 19])
(73, [20])
(75, [21])
(79, [22])
(80, [23])
(83, [24])
(88, [25])
(89, [25])
(94, [26])
(97, [27, 28])
(98, [29])
(102, [30])
(103, [30])
(112, [31])
(114, [32])
(115, [33])
(116, [33])
(118, [34])
(120, [35])
(121, [36])
(124, [37])
(129, [38])
(130, [38])
(138, [39])
(139, [39])
(140, [40, 41])
(141, [41])
(145, [42])
(147, [43])
(152, [44])
(160, [45])
(161, [46])
(162, [46])
(163, [47])
(164, [48])
(165, [49])
(166, [49, 50])
(167, [51, 52])
(168, [52])
(169, [53])
(170, [53])
(171, [54])
(172, [54])
(178, [55])
(189, [56])
(195, [57])
(196, [57])
(200, [58])
(201, [58])
(202, [59, 60])
(203, [60])
(206, [61])
(207, [61])
(212, [62])
(215, [63])
(219, [64])
(222, [65, 66])
(223, [66])
(225, [67])
(233, [68])
(244, [69])
(247, [70])
(251, [71, 72])
(252, [72])
(253, [73])
(256, [74])
