(3, [0])
(4, [0])
(150, [41])
(137, [34])
(138, [35])
(13, [1])
(142, [38, 39])
(16, [2])
(18, [3, 4])
(19, [4])
(20, [5])
(21, [5])
(141, [36, 37])
(24, [6])
(155, [42])
(167, [46])
(160, [43])
(176, [48, 49])
(162, [44])
(163, [45])
(39, [7, 8])
(44, [9])
(173, [47])
(47, [10])
(48, [11])
(49, [11])
(179, [51])
(180, [51])
(182, [52])
(184, [53])
(58, [12])
(189, [54])
(191, [55])
(64, [13])
(194, [56])
(195, [57])
(196, [58])
(69, [14])
(71, [15])
(177, [50])
(78, [16])
(79, [17])
(80, [18])
(81, [18, 19, 20])
(83, [21])
(86, [22, 23])
(87, [23])
(93, [24])
(94, [24, 25])
(95, [26])
(96, [26])
(97, [27])
(100, [28])
(102, [29])
(103, [30])
(105, [31])
(107, [32])
(110, [33])
(147, [40])
(149, [41])
