(0, [0])
(128, [32, 33])
(131, [35])
(4, [1])
(5, [2])
(6, [3])
(7, [4])
(8, [4])
(137, [36, 37])
(10, [5])
(143, [38])
(18, [6])
(171, [42])
(217, [49])
(132, [35])
(27, [7])
(29, [8])
(158, [39])
(31, [9])
(160, [40])
(33, [10])
(162, [41])
(198, [46])
(129, [34])
(43, [11])
(172, [42])
(50, [12])
(51, [13])
(52, [13])
(53, [14])
(54, [14])
(183, [45])
(56, [15, 16])
(180, [43])
(59, [17])
(67, [18])
(182, [44])
(70, [19])
(200, [47])
(74, [20, 21])
(76, [22])
(77, [23])
(78, [23])
(83, [24])
(84, [24])
(215, [48])
(89, [25])
(96, [26])
(97, [26])
(226, [50])
(104, [27])
(107, [28])
(240, [51])
(115, [29])
(117, [30])
(118, [30])
(124, [31])
(125, [31])
