(128, [24])
(136, [25])
(137, [25])
(138, [26])
(15, [0])
(16, [0])
(145, [27])
(205, [42])
(195, [39])
(173, [33])
(26, [1])
(28, [2])
(29, [2])
(162, [29])
(163, [30])
(167, [31])
(156, [28])
(42, [3])
(43, [3])
(44, [4, 5])
(45, [4, 5])
(174, [33])
(48, [6])
(180, [34])
(53, [7])
(183, [36])
(184, [36, 37])
(185, [37])
(181, [35])
(64, [8])
(67, [9])
(197, [40])
(71, [10])
(201, [41])
(76, [11])
(77, [11])
(78, [12])
(79, [12])
(81, [13])
(82, [14])
(83, [14])
(206, [42])
(89, [15])
(228, [45])
(233, [47])
(94, [16])
(95, [16])
(144, [27])
(226, [43])
(227, [44])
(100, [17])
(101, [17])
(103, [18])
(232, [46])
(105, [19])
(234, [48])
(107, [20])
(236, [49])
(109, [21])
(111, [22])
(229, [45])
(115, [23])
(116, [23])
(169, [32])
(191, [38])
(170, [32])
