(128, [27])
(133, [28])
(6, [0])
(135, [29])
(11, [1])
(12, [1])
(173, [40])
(144, [30])
(145, [30])
(18, [2])
(19, [2, 3])
(154, [36])
(23, [4])
(24, [4, 5])
(25, [5])
(26, [6])
(175, [41])
(29, [7])
(30, [8])
(33, [9])
(38, [10])
(167, [37])
(40, [11])
(41, [12])
(42, [12])
(44, [13])
(45, [14])
(174, [40])
(47, [15])
(176, [42])
(178, [43])
(186, [44])
(151, [31, 32, 33])
(193, [45])
(67, [16])
(68, [16])
(200, [47])
(73, [17, 18])
(74, [18])
(75, [19])
(76, [19])
(77, [20])
(209, [48])
(214, [49])
(215, [49])
(152, [34, 35])
(92, [21])
(96, [22])
(97, [23, 24])
(98, [24])
(100, [25])
(101, [25])
(195, [46])
(104, [26])
(168, [38])
(153, [35])
(170, [39])
