(128, [41])
(129, [42])
(3, [0])
(132, [43])
(5, [1])
(136, [45])
(137, [45])
(15, [2])
(17, [3, 4])
(19, [5])
(20, [6])
(21, [7])
(22, [7])
(23, [8])
(26, [9])
(28, [10])
(29, [11])
(133, [44])
(160, [49])
(161, [49])
(35, [12])
(36, [12, 13])
(38, [14])
(156, [47])
(174, [50])
(45, [15, 16])
(46, [17])
(157, [48])
(49, [18])
(182, [51])
(183, [52])
(186, [53])
(187, [53])
(61, [19])
(63, [20])
(66, [21])
(74, [22])
(75, [22, 23])
(205, [54])
(78, [24])
(79, [24])
(173, [50])
(211, [56])
(212, [57])
(87, [25, 26, 27, 28])
(88, [28])
(217, [58])
(90, [29])
(91, [30])
(92, [31, 32])
(96, [33])
(97, [34, 35])
(99, [36])
(100, [37])
(209, [55])
(235, [59])
(154, [46])
(114, [38])
(115, [38])
(117, [39])
(124, [40])
(127, [41])
