(130, [39])
(131, [39])
(133, [40])
(207, [48])
(8, [0])
(209, [49])
(13, [1, 2])
(15, [3])
(16, [4])
(25, [5])
(218, [51])
(34, [6])
(35, [7])
(36, [8])
(37, [9])
(38, [9])
(39, [10])
(40, [10])
(44, [11])
(221, [52])
(48, [12])
(200, [47])
(50, [13])
(52, [14])
(53, [14])
(56, [15])
(57, [15])
(59, [16])
(60, [17])
(61, [17])
(62, [18])
(192, [44])
(193, [44])
(194, [45])
(197, [46])
(70, [19, 20])
(71, [20])
(72, [21, 22])
(78, [23])
(79, [24])
(80, [24])
(141, [41])
(82, [25])
(83, [25])
(85, [26, 27])
(216, [50])
(217, [50])
(90, [28])
(91, [28, 29])
(92, [30])
(93, [31])
(95, [32])
(102, [33, 34])
(103, [34])
(104, [35])
(188, [42])
(210, [49])
(189, [42])
(206, [48])
(114, [36])
(190, [43])
(118, [37, 38])
(119, [38])
