(1, [0])
(2, [1])
(5, [2])
(6, [2])
(162, [41])
(9, [3])
(11, [4])
(12, [5])
(149, [33])
(23, [6])
(24, [6, 7])
(153, [35])
(154, [36])
(155, [37])
(28, [8])
(133, [31])
(160, [39])
(33, [9])
(34, [9])
(35, [10])
(134, [32])
(167, [42])
(40, [11])
(41, [12])
(199, [49])
(223, [59])
(177, [43])
(178, [44])
(179, [44])
(55, [13])
(56, [14])
(244, [63])
(159, [39])
(151, [34])
(61, [15])
(62, [15, 16])
(63, [17])
(64, [17, 18])
(65, [18])
(196, [47])
(198, [48])
(161, [40, 41])
(200, [49])
(201, [50])
(74, [19])
(76, [20])
(77, [20])
(206, [53])
(205, [51, 52])
(208, [54])
(156, [37, 38])
(84, [21])
(85, [21])
(86, [22])
(215, [56])
(216, [57])
(89, [23])
(218, [58])
(95, [24])
(96, [24, 25])
(97, [25])
(226, [60])
(187, [45])
(232, [61])
(210, [55])
(189, [46])
(112, [26])
(242, [62])
(243, [63])
(204, [51, 52])
(217, [57])
(120, [27])
(122, [28])
(123, [29])
(125, [30])
(224, [59])
