(1, [0])
(2, [0])
(129, [23])
(136, [24])
(130, [23])
(15, [1])
(17, [2])
(150, [27])
(152, [28])
(153, [28])
(27, [3])
(28, [4])
(38, [5])
(39, [5])
(170, [29])
(43, [6])
(176, [30])
(177, [31])
(50, [7])
(179, [32])
(53, [8])
(54, [9])
(60, [10])
(62, [11])
(65, [12, 13])
(66, [13, 14])
(67, [14])
(199, [34])
(200, [34])
(205, [35, 36])
(141, [25])
(80, [15])
(193, [33])
(143, [26])
(135, [24])
(96, [16])
(111, [17, 18])
(112, [18, 19])
(113, [19])
(115, [20])
(119, [21])
(120, [21])
(121, [22])
(122, [22])
