(192, [59])
(131, [33, 34])
(5, [0, 1])
(135, [35])
(136, [35])
(9, [2])
(138, [36])
(11, [3])
(12, [4])
(16, [5])
(152, [44])
(18, [6])
(19, [6])
(149, [40])
(150, [41])
(23, [7])
(24, [8])
(25, [9])
(30, [10])
(31, [11])
(160, [47])
(161, [47, 48])
(34, [12])
(35, [12])
(39, [13])
(193, [60])
(171, [52, 53, 54])
(159, [46])
(151, [42, 43])
(177, [55])
(172, [54])
(180, [56])
(181, [56])
(55, [14])
(56, [15])
(59, [16])
(60, [17])
(189, [58])
(62, [18, 19, 20])
(63, [20])
(64, [21])
(65, [22])
(194, [60])
(67, [23])
(196, [61])
(197, [62])
(198, [62])
(71, [24])
(140, [37])
(203, [63])
(162, [49])
(79, [25])
(208, [64])
(209, [65])
(82, [26])
(163, [49, 50])
(90, [27])
(92, [28])
(93, [28])
(211, [67])
(144, [38])
(98, [29, 30])
(99, [30, 31])
(100, [31])
(102, [32])
(103, [32])
(188, [57])
(167, [51])
(210, [66])
(147, [39])
(153, [45])
(191, [59])
