(2, [0])
(7, [1])
(12, [2])
(13, [2])
(144, [34])
(17, [3])
(18, [3])
(195, [41])
(238, [49])
(24, [4])
(239, [50])
(167, [39])
(158, [35])
(159, [35])
(161, [36])
(247, [51])
(36, [5])
(37, [6])
(166, [38, 39])
(39, [7])
(240, [50])
(223, [47])
(49, [8])
(50, [9])
(180, [40])
(181, [40])
(59, [10])
(60, [10])
(61, [11])
(65, [12])
(66, [13])
(164, [37])
(196, [42])
(197, [43])
(70, [14])
(248, [51])
(203, [44])
(204, [44])
(208, [45])
(81, [15])
(212, [46])
(85, [16])
(86, [16])
(89, [17])
(90, [18])
(91, [19])
(92, [19])
(94, [20])
(165, [38])
(224, [47])
(97, [21])
(99, [22])
(101, [23])
(107, [24])
(108, [25])
(237, [49])
(110, [26])
(111, [27])
(229, [48])
(118, [28, 29])
(119, [30])
(120, [31])
(124, [32])
(127, [33])
