(1, [0])
(3, [1])
(4, [1, 2])
(6, [3])
(7, [4])
(9, [5])
(10, [5])
(11, [6])
(17, [7])
(20, [8])
(21, [8, 9])
(22, [9])
(34, [10, 11])
(38, [12])
(41, [13])
(42, [13])
(45, [14])
(53, [15])
(54, [16, 17, 18])
(55, [18])
(64, [19])
(65, [19])
(74, [20])
(75, [21])
(76, [21])
(77, [22])
(87, [23])
(88, [23])
(89, [24])
(90, [25])
(91, [25])
(92, [26])
(94, [27])
(95, [27])
(97, [28])
(98, [29])
(103, [30])
(107, [31])
(114, [32])
(115, [32])
(121, [33])
(124, [34])
(138, [35])
(139, [35])
(144, [36])
(151, [37])
(152, [38])
(154, [39])
(155, [39])
(156, [40])
(158, [41])
(159, [42])
(160, [43, 44])
(161, [43, 44])
(163, [45])
(164, [45])
(165, [46])
(186, [47])
(187, [47])
(197, [48])
(208, [49])
(214, [50, 51])
(215, [50, 51])
(219, [52])
(225, [53])
(226, [53])
(229, [54, 55])
(238, [56])
(242, [57, 58])
(244, [59])
(245, [59])
(246, [60])
(255, [61])
(258, [62])
(260, [63])
(265, [64])
(267, [65, 66])
(273, [67])
(274, [68])
(282, [69])
(284, [70])
(286, [71])
(289, [72])
(290, [73])
(291, [73])
(292, [74])
(293, [74, 75])
(294, [75])
(295, [76])
(297, [77])
