(0, [0])
(4, [1])
(7, [2, 3])
(9, [4])
(11, [5])
(15, [6])
(18, [7])
(20, [8])
(22, [9])
(23, [9])
(24, [10])
(37, [11])
(45, [12])
(46, [12])
(51, [13])
(53, [14])
(54, [15, 16])
(56, [17])
(57, [17])
(61, [18])
(63, [19, 20])
(67, [21])
(71, [22])
(72, [23])
(73, [24])
(74, [24])
(78, [25])
(79, [25])
(83, [26, 27])
(84, [27])
(87, [28])
(88, [29])
(89, [29])
(91, [30])
(102, [31])
(103, [32])
(104, [33])
(107, [34, 35])
(108, [35])
(113, [36])
(114, [36, 37])
(119, [38])
(124, [39, 40])
(125, [39, 40])
(129, [41])
(130, [42])
(133, [43])
(134, [44])
(141, [45])
(144, [46])
(145, [47, 48])
(146, [48])
(148, [49])
(149, [50])
(150, [51])
(152, [52])
(160, [53, 54])
(161, [54])
(162, [55])
(163, [56])
(166, [57])
(172, [58])
(173, [58])
(183, [59])
(184, [59])
(188, [60])
(189, [61, 62])
(192, [63, 64])
(193, [65])
(199, [66])
(200, [66, 67])
(202, [68])
(205, [69])
(206, [70, 71])
(207, [71])
(209, [72])
(213, [73, 74])
(214, [75])
(215, [75])
(216, [76, 77])
(219, [78])
(220, [79])
(230, [80])
(231, [80])
(232, [81])
(233, [81])
(234, [82])
(236, [83])
(237, [83])
(240, [84])
(245, [85])
(259, [86])
(260, [86])
