(1, [0])
(2, [0])
(131, [36])
(4, [1])
(5, [2, 3])
(129, [35])
(151, [37, 38])
(194, [48])
(14, [4])
(17, [5])
(19, [6])
(20, [6])
(23, [7])
(24, [7])
(25, [8])
(154, [39])
(155, [39])
(161, [40])
(162, [41, 42])
(35, [9])
(36, [9, 10, 11])
(37, [11])
(40, [12])
(172, [43])
(173, [43])
(177, [44])
(50, [13])
(51, [13])
(180, [45])
(181, [45])
(56, [14])
(185, [46])
(58, [15])
(59, [16])
(188, [47])
(66, [17])
(69, [18])
(71, [19])
(72, [19])
(77, [20, 21, 22])
(78, [22])
(82, [23])
(163, [42])
(152, [38])
(92, [24])
(93, [24])
(96, [25, 26])
(97, [26])
(98, [27])
(187, [47])
(107, [28])
(108, [29])
(110, [30])
(114, [31])
(115, [31, 32])
(122, [33])
(124, [34])
