(1, [0])
(2, [0])
(134, [41])
(7, [1])
(9, [2])
(10, [3, 4])
(11, [5])
(130, [40])
(239, [71])
(205, [60])
(148, [42, 43])
(174, [51])
(150, [44])
(23, [6])
(26, [7])
(27, [8])
(30, [9])
(161, [45])
(162, [45])
(164, [46])
(198, [57, 58])
(166, [47, 48])
(167, [48])
(168, [49])
(41, [10])
(42, [11])
(43, [11, 12])
(255, [74])
(173, [51])
(46, [13])
(47, [14])
(48, [14])
(51, [15, 16])
(52, [17])
(53, [18])
(182, [52])
(183, [53])
(56, [19])
(58, [20])
(59, [20])
(63, [21])
(195, [54])
(196, [55, 56])
(197, [56])
(70, [22])
(71, [23])
(72, [23])
(73, [24])
(212, [62])
(203, [59])
(76, [25])
(77, [26])
(79, [27])
(208, [61])
(84, [28])
(85, [29])
(214, [63])
(215, [63])
(228, [66, 67])
(218, [64])
(250, [73])
(222, [65])
(99, [30])
(100, [31])
(230, [68, 69])
(108, [32])
(237, [70])
(110, [33])
(111, [33])
(117, [34])
(246, [72])
(169, [49])
(121, [35])
(122, [36])
(123, [37])
(124, [37])
(170, [50])
(126, [38, 39])
(213, [62])
