(0, [0])
(1, [0])
(3, [1])
(179, [57])
(162, [53])
(7, [2])
(8, [2, 3])
(9, [3])
(10, [4])
(12, [5])
(13, [6])
(142, [49])
(16, [7])
(17, [8])
(131, [47])
(21, [9])
(151, [50])
(25, [10])
(155, [52])
(33, [11])
(34, [12])
(35, [12, 13])
(36, [13, 14])
(37, [14])
(38, [15])
(167, [55])
(129, [46])
(170, [56])
(43, [16])
(51, [17])
(52, [18, 19])
(53, [19])
(55, [20])
(56, [20])
(180, [58])
(186, [59])
(187, [59])
(61, [21])
(181, [58])
(64, [22])
(67, [23, 24])
(68, [24])
(70, [25])
(71, [25])
(73, [26])
(74, [26])
(76, [27])
(77, [27])
(164, [54])
(82, [28])
(163, [53])
(85, [29])
(86, [30])
(153, [51])
(135, [48])
(94, [31])
(95, [32])
(97, [33, 34])
(99, [35])
(100, [36, 37])
(107, [38])
(108, [39, 40])
(109, [39, 40])
(111, [41])
(112, [41])
(116, [42])
(117, [43])
(120, [44])
(122, [45])
