(128, [40])
(1, [0])
(2, [0])
(171, [55])
(132, [42])
(133, [43])
(134, [43])
(129, [41])
(172, [55])
(138, [45, 46])
(139, [45, 46, 47])
(140, [47, 48])
(13, [1])
(14, [2])
(15, [2])
(17, [3])
(205, [63])
(22, [4])
(151, [50])
(24, [5])
(25, [6])
(155, [51, 52])
(156, [52, 53])
(157, [53])
(31, [7])
(32, [7])
(33, [8])
(34, [9])
(35, [9])
(167, [54])
(42, [10])
(43, [10])
(44, [11])
(45, [11, 12])
(142, [49])
(221, [65])
(184, [57])
(186, [58])
(64, [13])
(66, [14, 15])
(68, [16])
(228, [67])
(130, [41])
(199, [59, 60])
(200, [61])
(73, [17, 18])
(202, [62])
(204, [63])
(135, [44])
(206, [64])
(141, [48])
(173, [56])
(82, [19])
(83, [19])
(84, [20])
(85, [20])
(86, [21])
(87, [21])
(88, [22])
(89, [22])
(152, [50])
(91, [23, 24])
(92, [23, 24])
(93, [25])
(224, [66])
(100, [26, 27])
(101, [27])
(102, [28])
(104, [29])
(233, [68])
(106, [30])
(107, [31])
(108, [31])
(109, [32])
(113, [33])
(116, [34])
(118, [35, 36])
(119, [35, 36])
(120, [37])
(121, [37])
(122, [38, 39])
