(0, [0])
(1, [1])
(5, [2])
(6, [3])
(7, [4])
(8, [5])
(9, [5])
(11, [6, 7])
(12, [7])
(14, [8])
(15, [9])
(16, [9])
(17, [10])
(18, [10])
(20, [11])
(21, [11, 12])
(22, [12])
(175, [43])
(172, [40])
(176, [44])
(34, [13])
(37, [14, 15])
(41, [16])
(44, [17])
(173, [41])
(174, [42])
(47, [18])
(48, [18])
(51, [19])
(52, [19])
(56, [20])
(57, [20])
(58, [21])
(59, [22])
(61, [23])
(63, [24])
(68, [25])
(69, [25])
(83, [26])
(84, [26, 27])
(87, [28])
(88, [28])
(94, [29])
(95, [30, 31])
(96, [31])
(97, [32])
(98, [32])
(104, [33])
(107, [34])
(108, [34])
(109, [35])
(110, [36])
(111, [36, 37, 38])
(112, [38])
(114, [39])
