(0, [0])
(1, [0])
(2, [1])
(6, [2, 3])
(7, [4])
(9, [5])
(10, [5])
(11, [6])
(13, [7])
(14, [7])
(15, [8])
(16, [8])
(19, [9])
(20, [10, 11])
(23, [12])
(25, [13])
(27, [14])
(28, [15])
(30, [16])
(31, [16])
(38, [17])
(43, [18])
(45, [19])
(46, [19])
(48, [20])
(52, [21])
(57, [22])
(58, [22])
(59, [23, 24])
(63, [25])
(65, [26])
(66, [26])
(67, [27])
(70, [28, 29])
(72, [30])
(73, [30])
(74, [31])
(75, [31, 32])
(76, [33])
(77, [33])
(80, [34, 35])
(81, [34, 35])
(83, [36])
(84, [36])
(95, [37])
(96, [38])
(97, [39])
(98, [39])
(101, [40])
(103, [41])
(104, [42])
(108, [43])
(109, [44])
(110, [45])
(111, [45])
(112, [46])
(114, [47])
(115, [47])
(116, [48])
(117, [48])
