(0, [0])
(1, [0])
(133, [34])
(7, [1])
(136, [35])
(128, [32])
(11, [2])
(256, [53])
(173, [39])
(16, [3])
(21, [4])
(22, [4])
(153, [36])
(26, [5])
(27, [5])
(33, [6])
(167, [37])
(129, [33])
(170, [38])
(176, [41])
(257, [53])
(45, [7])
(46, [8])
(175, [40, 41])
(48, [9])
(238, [50])
(58, [10])
(59, [11])
(189, [42])
(190, [42])
(68, [12])
(69, [12])
(70, [13])
(74, [14])
(75, [15])
(204, [43])
(205, [44])
(206, [45])
(79, [16])
(248, [52])
(212, [46])
(213, [46])
(217, [47])
(90, [17])
(221, [48])
(94, [18])
(95, [18])
(98, [19])
(99, [20])
(100, [21])
(101, [21])
(103, [22])
(232, [49])
(233, [49])
(106, [23])
(108, [24])
(110, [25])
(174, [40])
(168, [37])
(116, [26])
(117, [27])
(246, [51])
(119, [28])
(120, [29])
(249, [52])
(247, [51])
(127, [30, 31])
