(130, [35])
(131, [36])
(10, [0])
(11, [1])
(13, [2])
(16, [3])
(145, [40])
(18, [4])
(19, [5])
(21, [6])
(25, [7])
(28, [8])
(29, [8])
(30, [9, 10])
(31, [10])
(37, [11])
(146, [41])
(40, [12])
(41, [13])
(43, [14])
(54, [15])
(55, [15])
(56, [16])
(59, [17])
(64, [18])
(65, [18])
(67, [19])
(68, [19])
(73, [20])
(75, [21])
(78, [22])
(141, [39])
(80, [23])
(83, [24])
(139, [37, 38])
(89, [25])
(97, [26])
(98, [26])
(99, [27])
(103, [28, 29])
(104, [29])
(106, [30])
(107, [31, 32])
(108, [32])
(109, [33])
(115, [34])
(149, [42])
