(128, [37])
(129, [38, 39])
(235, [67])
(179, [55])
(149, [49])
(135, [40])
(8, [0])
(9, [0])
(139, [42])
(140, [43])
(141, [43])
(142, [44])
(145, [45, 46])
(146, [45, 46, 47])
(147, [47, 48])
(20, [1])
(21, [2])
(22, [2])
(24, [3])
(29, [4])
(158, [50])
(31, [5])
(32, [6])
(162, [51, 52])
(163, [52, 53])
(164, [53])
(244, [68])
(38, [7])
(39, [7])
(40, [8])
(41, [9])
(42, [9])
(178, [55])
(174, [54])
(49, [10])
(50, [10])
(51, [11])
(52, [11, 12])
(243, [68])
(137, [41])
(180, [56])
(159, [50])
(191, [57])
(193, [58])
(228, [65])
(71, [13])
(73, [14, 15])
(75, [16])
(206, [59, 60])
(207, [61])
(80, [17, 18])
(209, [62])
(211, [63])
(212, [63])
(213, [64])
(89, [19])
(90, [19])
(91, [20])
(92, [20])
(93, [21])
(94, [21])
(95, [22])
(96, [22])
(98, [23, 24])
(99, [23, 24])
(100, [25])
(231, [66])
(107, [26, 27])
(108, [27])
(109, [28])
(111, [29])
(113, [30])
(114, [31])
(115, [31])
(116, [32])
(120, [33])
(148, [48])
(136, [41])
(123, [34])
(252, [69])
(125, [35, 36])
(126, [35, 36])
(127, [37])
