(257, [59])
(2, [0])
(171, [39])
(260, [61])
(214, [49])
(7, [1])
(8, [1])
(265, [62])
(138, [25])
(139, [25, 26])
(12, [2])
(141, [28])
(142, [29])
(15, [3])
(16, [4])
(17, [4])
(259, [61])
(269, [64])
(149, [31])
(150, [32])
(24, [5])
(25, [5])
(26, [6])
(155, [34])
(28, [7])
(29, [7])
(160, [35])
(161, [35, 36])
(34, [8])
(35, [8])
(167, [38])
(168, [38])
(145, [30])
(135, [24])
(173, [40])
(174, [40])
(264, [62])
(253, [57, 58])
(180, [41])
(53, [9])
(56, [10])
(185, [43])
(58, [11])
(59, [11])
(60, [12])
(189, [44])
(181, [42])
(64, [13, 14])
(65, [14])
(267, [63])
(196, [45])
(197, [45])
(258, [59, 60])
(200, [46])
(140, [27])
(74, [15])
(204, [48])
(205, [48])
(268, [63])
(184, [43])
(156, [34])
(163, [37])
(84, [16])
(86, [17])
(218, [50])
(219, [51])
(93, [18, 19, 20])
(94, [20])
(103, [21])
(104, [22])
(188, [44])
(106, [23])
(154, [33])
(240, [54])
(241, [54])
(243, [55])
(254, [58])
(246, [56])
(233, [52])
(234, [53])
(202, [47])
