(4, [0])
(5, [0])
(7, [1, 2])
(8, [3, 4])
(9, [5, 6])
(10, [5, 6])
(12, [7])
(15, [8])
(16, [9])
(17, [10])
(146, [45, 46])
(147, [45, 46])
(148, [47])
(150, [48])
(151, [49])
(153, [50, 51])
(27, [11])
(158, [52])
(160, [53])
(33, [12])
(35, [13])
(37, [14])
(169, [54])
(135, [40])
(172, [55])
(174, [56, 57])
(175, [58])
(136, [41])
(50, [15])
(51, [15])
(53, [16])
(54, [16])
(137, [42])
(65, [17, 18])
(66, [18])
(68, [19])
(161, [53])
(72, [20])
(73, [20])
(74, [21])
(79, [22])
(80, [23])
(81, [23, 24])
(84, [25])
(85, [26])
(86, [27])
(90, [28])
(91, [28])
(96, [29])
(98, [30])
(104, [31])
(105, [31])
(108, [32])
(140, [43, 44])
(117, [33])
(119, [34])
(120, [35, 36])
(121, [37])
(122, [38])
(123, [39])
