(0, [0])
(131, [50])
(4, [1])
(5, [1])
(134, [51])
(7, [2])
(136, [52])
(9, [3])
(10, [3, 4])
(141, [53])
(14, [5])
(15, [5, 6])
(16, [7])
(17, [8, 9])
(146, [55])
(19, [10])
(20, [11, 12])
(171, [65])
(150, [57])
(152, [58])
(153, [58])
(154, [59])
(155, [60])
(157, [61])
(30, [13])
(133, [51])
(32, [14])
(193, [72, 73])
(34, [15])
(145, [55])
(37, [16])
(166, [63])
(167, [63])
(41, [17, 18])
(170, [65])
(135, [52])
(186, [69])
(47, [19])
(179, [66])
(180, [66, 67])
(181, [67])
(182, [68])
(183, [68])
(58, [20])
(190, [70])
(191, [70])
(192, [71])
(65, [21])
(66, [22])
(67, [22])
(194, [73])
(75, [23])
(76, [24])
(78, [25])
(79, [25, 26])
(80, [26, 27])
(81, [28])
(82, [29])
(83, [29, 30])
(142, [53, 54])
(87, [31])
(164, [62])
(90, [32])
(91, [32])
(93, [33])
(94, [33, 34, 35, 36])
(95, [36])
(99, [37])
(100, [38])
(101, [38])
(102, [39])
(103, [40])
(105, [41])
(107, [42])
(108, [42])
(111, [43])
(117, [44, 45])
(118, [46, 47])
(169, [64])
(120, [48])
(148, [56])
(124, [49])
