(0, [0])
(1, [1])
(132, [50])
(5, [2])
(6, [3])
(7, [3])
(136, [51, 52])
(10, [4])
(11, [4])
(190, [71])
(13, [5])
(145, [54])
(146, [54])
(20, [6])
(21, [6])
(22, [7])
(23, [7])
(24, [8])
(153, [56, 57])
(26, [9])
(156, [58])
(157, [58])
(30, [10])
(133, [50])
(160, [60])
(33, [11])
(34, [12])
(35, [13])
(36, [14])
(139, [53])
(40, [15])
(169, [64])
(43, [16, 17])
(47, [18, 19])
(176, [65])
(177, [66])
(50, [20])
(162, [62])
(182, [67])
(185, [68])
(186, [69, 70])
(159, [59])
(138, [53])
(62, [21])
(63, [21])
(64, [22])
(67, [23])
(70, [24])
(71, [24, 25])
(76, [26])
(77, [27])
(78, [28])
(79, [29])
(80, [29])
(81, [30])
(82, [31, 32])
(83, [32])
(84, [33])
(85, [34])
(86, [35, 36])
(87, [37])
(152, [55])
(135, [51])
(165, [63])
(187, [70])
(103, [38])
(104, [39])
(161, [60, 61])
(107, [40])
(108, [40])
(111, [41])
(112, [42])
(168, [64])
(114, [43])
(115, [43, 44, 45])
(116, [45])
(117, [46])
(118, [47])
(119, [48])
(127, [49])
