(128, [44])
(131, [45])
(133, [46, 47])
(6, [0])
(7, [1, 2])
(8, [2])
(9, [3])
(139, [50])
(140, [50])
(141, [51])
(14, [4])
(15, [5])
(144, [53])
(145, [54])
(146, [54])
(19, [6, 7])
(149, [56])
(150, [57])
(153, [58])
(24, [8, 9])
(25, [8, 9])
(154, [58])
(28, [10])
(29, [11])
(30, [12])
(31, [12])
(160, [60])
(33, [13])
(34, [13])
(36, [14])
(37, [15])
(166, [61])
(177, [63])
(156, [59])
(170, [62])
(171, [62])
(142, [52])
(49, [16])
(50, [16])
(179, [64])
(54, [17, 18])
(55, [19, 20])
(56, [20])
(159, [60])
(62, [21])
(65, [22, 23])
(147, [55])
(71, [24])
(72, [25])
(73, [25])
(183, [65])
(79, [26])
(80, [26])
(184, [66])
(83, [27])
(84, [27, 28])
(85, [28, 29])
(86, [29])
(92, [30])
(93, [31])
(94, [31, 32])
(95, [32])
(112, [33])
(114, [34])
(115, [35])
(116, [36])
(117, [36])
(118, [37])
(119, [38, 39])
(120, [40])
(137, [48, 49])
(122, [41])
(124, [42])
(125, [42])
(127, [43])
