(0, [0])
(130, [36])
(171, [45])
(7, [1])
(11, [2])
(14, [3])
(146, [38])
(19, [4])
(21, [5])
(23, [6])
(24, [7])
(25, [7, 8])
(26, [8])
(28, [9])
(154, [39])
(159, [40])
(160, [41])
(33, [10])
(162, [43, 44])
(163, [44])
(177, [47])
(43, [11])
(44, [11])
(173, [46])
(49, [12])
(50, [12])
(51, [13])
(181, [48])
(56, [14])
(60, [15])
(64, [16])
(65, [16])
(161, [42])
(73, [17])
(78, [18])
(79, [18])
(208, [49])
(83, [19])
(84, [20])
(85, [20, 21, 22])
(86, [23])
(89, [24])
(90, [24])
(91, [25, 26])
(135, [37])
(101, [27])
(105, [28])
(110, [29])
(114, [30])
(118, [31, 32])
(122, [33])
(126, [34])
(127, [34, 35])
