(130, [24])
(132, [25])
(133, [26, 27])
(215, [43])
(140, [28])
(15, [0])
(17, [1])
(19, [2, 3])
(148, [29])
(21, [4])
(22, [5])
(217, [45])
(153, [30])
(155, [31])
(157, [32])
(158, [32])
(159, [33])
(163, [34])
(164, [34])
(166, [35])
(167, [36])
(168, [36])
(220, [46])
(43, [6])
(44, [6])
(52, [7])
(54, [8])
(55, [9])
(202, [41])
(57, [10])
(58, [11])
(189, [38])
(191, [39])
(198, [40])
(199, [40])
(73, [12])
(74, [13])
(75, [13, 14])
(216, [44])
(211, [42])
(212, [42])
(185, [37])
(88, [15, 16])
(89, [16])
(218, [45])
(91, [17])
(92, [17])
(221, [47, 48])
(222, [48])
(98, [18])
(228, [49])
(229, [49])
(104, [19])
(105, [19])
(106, [20])
(107, [20])
(111, [21])
(112, [22])
(113, [22])
(116, [23])
