(1, [0])
(2, [1])
(259, [50])
(132, [27])
(6, [2])
(8, [3])
(9, [3, 4])
(10, [4])
(12, [5])
(142, [28])
(144, [29])
(145, [30])
(19, [6])
(20, [6])
(238, [47])
(152, [32])
(260, [50])
(26, [7])
(184, [37])
(156, [33])
(157, [33])
(230, [44, 45])
(32, [8])
(161, [34])
(43, [9])
(172, [35])
(173, [35])
(174, [36])
(175, [36])
(50, [10])
(52, [11])
(53, [11])
(183, [37])
(56, [12])
(186, [38])
(188, [39])
(189, [39])
(160, [34])
(194, [40])
(76, [13])
(77, [14])
(81, [15, 16])
(82, [15, 16])
(227, [43])
(84, [17])
(90, [18])
(220, [41])
(224, [42])
(225, [42])
(99, [19, 20])
(100, [20])
(229, [44])
(102, [21])
(103, [21])
(105, [22, 23])
(106, [22, 23])
(231, [46])
(110, [24])
(241, [48])
(148, [31])
(122, [25])
(123, [25])
(124, [26])
(255, [49])
