(0, [0])
(1, [1])
(2, [2])
(3, [2, 3])
(4, [4])
(179, [58])
(7, [5])
(8, [5])
(10, [6])
(140, [46, 47])
(141, [47])
(131, [45])
(20, [7, 8])
(171, [55])
(150, [48])
(151, [48])
(24, [9])
(25, [10])
(27, [11])
(156, [50])
(157, [50])
(158, [51])
(33, [12])
(34, [12])
(163, [52])
(167, [53])
(40, [13])
(169, [54])
(42, [14])
(43, [14])
(172, [56])
(173, [56])
(46, [15])
(176, [57])
(49, [16])
(50, [17])
(51, [17])
(52, [18])
(181, [59, 60])
(182, [60, 61])
(183, [61])
(180, [59])
(58, [19, 20])
(59, [20])
(62, [21, 22])
(63, [22])
(65, [23])
(66, [23, 24])
(67, [25])
(68, [26])
(74, [27])
(75, [28, 29])
(76, [29])
(162, [52])
(80, [30])
(86, [31])
(88, [32])
(90, [33])
(93, [34])
(96, [35, 36])
(97, [36])
(102, [37, 38])
(103, [38])
(106, [39])
(107, [39])
(111, [40])
(112, [40])
(168, [53])
(115, [41])
(170, [55])
(153, [49])
(123, [42])
(124, [42, 43])
(125, [43])
(127, [44])
