(1, [0])
(2, [0])
(132, [24])
(133, [24, 25])
(6, [1])
(129, [23])
(136, [28])
(9, [2])
(10, [3])
(11, [3])
(175, [41])
(143, [30])
(144, [31])
(18, [4])
(19, [4])
(20, [5])
(149, [33])
(22, [6])
(23, [6])
(240, [55])
(196, [46])
(154, [34])
(155, [34, 35])
(28, [7])
(29, [7])
(150, [33])
(161, [37])
(162, [37])
(134, [26])
(167, [39])
(168, [39])
(135, [27])
(178, [42])
(174, [40])
(47, [8])
(50, [9])
(179, [42])
(52, [10])
(53, [10])
(54, [11])
(183, [43])
(58, [12, 13])
(59, [13])
(190, [44])
(191, [44])
(194, [45])
(139, [29])
(68, [14])
(182, [43])
(198, [47])
(199, [47])
(78, [15])
(80, [16])
(212, [49])
(213, [50])
(87, [17, 18, 19])
(88, [19])
(228, [52])
(165, [38])
(97, [20])
(98, [21])
(227, [51])
(100, [22])
(234, [53])
(235, [53])
(208, [48])
(237, [54])
(157, [36])
(247, [56, 57])
(248, [57])
(148, [32])
(251, [58])
(252, [58, 59])
(253, [60])
(254, [60])
