(131, [34, 35])
(132, [35])
(5, [0])
(134, [36])
(7, [1])
(8, [2])
(9, [2, 3])
(10, [3])
(237, [56])
(147, [38])
(22, [4])
(23, [4])
(24, [5])
(25, [6])
(26, [7])
(27, [7])
(29, [8, 9])
(150, [39])
(33, [10, 11])
(35, [12])
(38, [13])
(39, [13])
(41, [14])
(42, [14])
(135, [37])
(154, [40])
(240, [57])
(223, [53])
(172, [41])
(52, [15])
(222, [53])
(219, [51, 52])
(56, [16])
(57, [17])
(186, [42])
(59, [18])
(60, [18])
(62, [19])
(191, [43])
(192, [43, 44])
(193, [44])
(70, [20])
(201, [45])
(239, [57])
(208, [46])
(81, [21])
(213, [47])
(215, [48, 49])
(216, [50])
(90, [22])
(91, [22])
(220, [52])
(250, [58])
(218, [51])
(95, [23])
(187, [42])
(102, [24])
(233, [54])
(234, [54, 55])
(107, [25])
(108, [26])
(109, [26])
(111, [27])
(112, [28, 29])
(113, [29, 30])
(114, [30])
(235, [55])
(120, [31])
(121, [32])
(122, [32, 33])
(123, [33])
(254, [59])
