(0, [0])
(1, [1])
(2, [1])
(3, [2])
(4, [3, 4])
(5, [4])
(130, [45])
(17, [5])
(18, [5])
(19, [6])
(20, [6])
(22, [7])
(23, [8])
(132, [46])
(26, [9])
(31, [10])
(32, [10, 11])
(33, [12])
(34, [12])
(133, [46])
(49, [13])
(50, [13])
(53, [14])
(54, [15])
(55, [16])
(56, [17])
(59, [18, 19])
(60, [20])
(75, [21])
(78, [22, 23])
(84, [24, 25])
(85, [26])
(86, [27])
(89, [28])
(90, [29])
(92, [30])
(106, [31])
(108, [32])
(109, [33, 34, 35])
(110, [36])
(111, [36, 37, 38])
(114, [39, 40])
(115, [40])
(122, [41])
(123, [42])
(124, [43])
(127, [44])
