(0, [0])
(1, [0])
(3, [1])
(5, [2])
(6, [3])
(263, [52])
(136, [29])
(10, [4])
(12, [5])
(13, [5, 6])
(14, [6])
(16, [7])
(152, [33])
(146, [30])
(259, [51])
(148, [31])
(149, [32])
(23, [8])
(24, [8])
(179, [38])
(156, [34])
(30, [9])
(231, [45])
(160, [35])
(161, [35])
(36, [10])
(165, [36])
(242, [49])
(47, [11])
(176, [37])
(177, [37])
(178, [38])
(128, [28])
(54, [12])
(56, [13])
(57, [13])
(187, [39])
(60, [14])
(190, [40])
(192, [41])
(193, [41])
(198, [42])
(80, [15])
(81, [16])
(264, [52])
(85, [17, 18])
(86, [17, 18])
(88, [19])
(164, [36])
(94, [20])
(224, [43])
(228, [44])
(229, [44])
(103, [21, 22])
(104, [22])
(188, [39])
(106, [23])
(107, [23])
(109, [24, 25])
(110, [24, 25])
(114, [26])
(235, [48])
(245, [50])
(233, [46])
(234, [46, 47])
(126, [27])
(127, [27])
