(0, [0])
(1, [0])
(136, [28])
(141, [29])
(14, [1])
(143, [30])
(19, [2])
(20, [2])
(152, [31])
(153, [31])
(26, [3])
(27, [3, 4])
(31, [5])
(32, [5, 6])
(33, [6])
(34, [7])
(37, [8])
(38, [9])
(41, [10])
(176, [39])
(178, [40])
(46, [11])
(175, [38])
(48, [12])
(49, [13])
(50, [13])
(52, [14])
(53, [15])
(182, [41])
(55, [16])
(184, [43])
(186, [44])
(159, [32, 33, 34])
(181, [41])
(160, [35, 36])
(194, [45])
(203, [47])
(161, [36])
(201, [46])
(75, [17])
(76, [17])
(162, [37])
(208, [48])
(81, [18, 19])
(82, [19])
(83, [20])
(84, [20])
(85, [21])
(217, [49])
(222, [50])
(223, [50])
(226, [51])
(100, [22])
(104, [23])
(105, [24, 25])
(106, [25])
(108, [26])
(109, [26])
(112, [27])
(183, [42])
