(1, [0])
(3, [1, 2])
(132, [31])
(5, [3])
(6, [3])
(7, [4])
(137, [33])
(139, [34])
(12, [5])
(145, [35])
(146, [36, 37])
(25, [6])
(26, [6])
(27, [7])
(28, [7, 8])
(29, [9])
(133, [31])
(161, [40])
(162, [40])
(36, [10, 11])
(37, [12])
(38, [12])
(156, [38])
(135, [32])
(47, [13, 14, 15])
(48, [15])
(50, [16])
(55, [17])
(56, [18])
(159, [39])
(62, [19])
(63, [19])
(194, [42])
(67, [20])
(196, [43])
(70, [21])
(71, [21])
(74, [22])
(76, [23])
(78, [24])
(208, [46])
(209, [47])
(210, [47])
(206, [45])
(245, [55])
(215, [48])
(199, [44])
(223, [49, 50])
(224, [50])
(227, [51])
(228, [51])
(166, [41])
(230, [52])
(105, [25])
(234, [53])
(235, [54])
(157, [38])
(117, [26])
(246, [55])
(122, [27, 28])
(124, [29])
(125, [30])
