(2, [0])
(3, [0])
(4, [1])
(5, [1])
(138, [30])
(11, [2])
(12, [3])
(147, [31, 32])
(148, [31, 32])
(21, [4])
(150, [33])
(151, [33])
(25, [5])
(154, [34])
(27, [6])
(29, [7])
(30, [7])
(159, [35])
(160, [36])
(33, [8])
(34, [9])
(35, [10])
(37, [11])
(38, [11])
(39, [12])
(43, [13])
(44, [13])
(174, [39])
(175, [40])
(50, [14])
(51, [15])
(199, [47])
(215, [54])
(57, [16])
(58, [16])
(62, [17])
(63, [18])
(192, [43])
(193, [43])
(194, [44])
(139, [30])
(196, [45])
(69, [19])
(70, [19])
(161, [36])
(203, [48])
(207, [49])
(80, [20])
(209, [51])
(83, [21])
(84, [21])
(214, [54])
(87, [22])
(197, [46])
(198, [46])
(186, [41])
(94, [23, 24])
(95, [23, 24])
(165, [37])
(212, [53])
(102, [25])
(103, [26])
(104, [26])
(171, [38])
(208, [50])
(211, [52])
(118, [27])
(119, [27])
(153, [34])
(121, [28])
(122, [29])
(191, [42])
(195, [44])
