(192, [29])
(3, [0])
(214, [39])
(9, [1])
(13, [2])
(16, [3])
(17, [3])
(19, [4])
(21, [5])
(22, [6])
(25, [7])
(33, [8])
(38, [9])
(39, [9])
(199, [31])
(45, [10])
(206, [35])
(200, [31])
(222, [42, 43])
(64, [11])
(195, [30])
(196, [30])
(70, [12, 13])
(71, [14])
(72, [14])
(201, [32])
(202, [32, 33])
(75, [15])
(76, [15, 16])
(78, [17])
(79, [17])
(208, [36])
(81, [18])
(210, [37])
(211, [37])
(84, [19])
(85, [19])
(203, [34])
(88, [20])
(219, [40, 41])
(94, [21])
(223, [43])
(224, [44, 45])
(97, [22])
(226, [47])
(99, [23])
(231, [48])
(104, [24])
(105, [24])
(234, [49])
(225, [46])
(108, [25, 26])
(109, [26])
(116, [27, 28])
(117, [28])
(213, [38])
