(128, [31])
(129, [32])
(2, [0])
(3, [1])
(132, [33])
(133, [34])
(134, [34])
(257, [63])
(136, [35])
(9, [2])
(261, [66, 67])
(11, [3])
(12, [4])
(13, [4])
(242, [59])
(152, [38])
(131, [33])
(148, [36])
(149, [36, 37])
(153, [38])
(24, [5])
(25, [6])
(27, [7])
(156, [39])
(29, [8])
(260, [65])
(214, [54])
(240, [58])
(36, [9])
(167, [40])
(168, [40])
(170, [41])
(171, [42])
(44, [10])
(173, [43])
(46, [11])
(47, [11])
(177, [45])
(51, [12])
(53, [13])
(182, [46])
(183, [46])
(58, [14])
(59, [14])
(60, [15])
(62, [16])
(191, [48, 49])
(192, [50])
(224, [55])
(175, [44])
(245, [60])
(130, [32])
(268, [69])
(247, [61])
(204, [51])
(77, [17])
(80, [18, 19])
(81, [18, 19])
(211, [53])
(264, [68])
(85, [20])
(86, [20, 21])
(87, [21])
(88, [22])
(89, [22])
(90, [23])
(94, [24])
(95, [25])
(96, [25])
(208, [52])
(187, [47])
(215, [54])
(259, [64])
(105, [26])
(106, [27])
(107, [28])
(157, [39])
(241, [58])
(114, [29])
(190, [48])
(233, [56])
(252, [62])
(234, [57])
(126, [30])
(127, [31])
