(2, [0])
(6, [1])
(7, [1])
(9, [2])
(10, [3])
(11, [4])
(12, [4])
(21, [5])
(23, [6])
(24, [7])
(25, [7])
(26, [8])
(28, [9])
(29, [9])
(53, [10])
(54, [10])
(57, [11])
(67, [12])
(68, [13])
(69, [13])
(71, [14])
(72, [14])
(77, [15])
(80, [16])
(83, [17])
(85, [18])
(88, [19, 20])
(89, [21, 22])
(90, [22])
(94, [23])
(99, [24])
(102, [25])
(114, [26])
(115, [26])
(118, [27])
(119, [28])
(120, [28])
(123, [29])
(124, [30, 31])
(125, [31])
(127, [32])
(134, [33])
(141, [34])
(151, [35])
(154, [36])
(158, [37])
(160, [38])
(161, [39])
(165, [40])
(166, [41, 42])
(167, [42])
(171, [43, 44])
(172, [44, 45])
(173, [45])
(189, [46])
(190, [47])
(192, [48, 49])
(194, [50])
(202, [51])
(208, [52])
(211, [53])
(212, [54])
(215, [55])
(216, [55, 56])
(217, [56])
(221, [57])
(222, [57])
(236, [58, 59])
(237, [59])
(242, [60])
(252, [61, 62])
(253, [62])
(254, [63])
(255, [63])
(258, [64])
(259, [64, 65])
(260, [65])
(267, [66])
(271, [67])
(273, [68])
(280, [69])
(282, [70])
(285, [71])
(286, [71])
(287, [72])
(288, [73])
