(2, [0])
(5, [1])
(6, [2])
(12, [3, 4])
(13, [5])
(18, [6])
(19, [7])
(20, [7])
(34, [8])
(36, [9])
(37, [10])
(38, [10, 11])
(44, [12])
(49, [13])
(50, [13, 14])
(53, [15, 16, 17, 18])
(54, [18])
(56, [19])
(57, [20])
(58, [21])
(59, [22])
(60, [22])
(61, [23])
(62, [24, 25])
(64, [26])
(67, [27])
(68, [27])
(70, [28])
(71, [29])
(72, [30])
(73, [30])
(79, [31])
(82, [32, 33])
(83, [34])
(85, [35])
(86, [36, 37])
(87, [38, 39])
(88, [40])
(91, [41])
(92, [41])
(96, [42])
(98, [43])
(99, [44, 45])
(101, [46, 47])
(102, [47])
(106, [48, 49])
(107, [48, 49])
(110, [50, 51])
(112, [52])
(114, [53])
(115, [53])
(117, [54])
(118, [54, 55])
(122, [56])
(123, [56, 57])
(124, [57, 58])
(125, [59])
(138, [60])
(139, [60])
(140, [61])
(141, [61])
(144, [62])
(145, [63])
(155, [64, 65])
(156, [66, 67])
(157, [68])
(158, [68])
(160, [69])
(164, [70, 71])
(165, [71])
(166, [72])
(169, [73])
(170, [73])
(172, [74])
(173, [75, 76, 77])
(174, [77])
(175, [78, 79])
(176, [79])
(184, [80])
(185, [80])
(190, [81])
(191, [82, 83])
(193, [84, 85])
(194, [86])
(195, [86, 87])
(196, [87])
(197, [88])
(199, [89, 90])
(200, [91])
(201, [92])
(203, [93])
(205, [94, 95])
(207, [96, 97])
(208, [97])
(209, [98])
(210, [98])
(213, [99])
(216, [100])
(217, [100])
(218, [101])
(219, [101])
(220, [102])
(221, [103])
(223, [104, 105])
