(2, [0])
(131, [38])
(132, [38])
(7, [1])
(8, [2])
(130, [37])
(15, [3])
(16, [4])
(17, [4])
(146, [40])
(156, [41])
(33, [5])
(42, [6])
(45, [7])
(46, [7, 8])
(50, [9, 10])
(51, [10])
(54, [11])
(55, [12])
(56, [13])
(59, [14])
(60, [14, 15])
(61, [16])
(62, [16])
(63, [17])
(64, [17])
(65, [18, 19])
(66, [20])
(67, [20])
(72, [21])
(73, [21, 22])
(74, [22])
(76, [23])
(79, [24])
(80, [24])
(141, [39])
(83, [25])
(84, [25])
(87, [26])
(91, [27])
(92, [27])
(104, [28])
(109, [29])
(112, [30])
(115, [31])
(116, [31, 32])
(117, [32, 33])
(118, [33])
(122, [34])
(124, [35])
(125, [35])
(127, [36])
