(0, [0])
(1, [1])
(2, [2])
(3, [3])
(4, [3])
(179, [54, 55])
(134, [39])
(129, [38])
(9, [4])
(10, [4])
(11, [5])
(12, [5])
(141, [42])
(142, [43])
(143, [43, 44])
(144, [45])
(18, [6, 7])
(19, [7])
(148, [46])
(21, [8])
(150, [47])
(185, [56])
(25, [9])
(26, [10])
(28, [11])
(30, [12, 13])
(31, [13])
(32, [14])
(33, [15])
(162, [49])
(164, [50])
(165, [51])
(38, [16])
(41, [17])
(42, [17])
(43, [18])
(172, [52])
(173, [52])
(47, [19])
(177, [53])
(128, [37, 38])
(54, [20])
(56, [21])
(57, [21])
(186, [57])
(138, [41])
(62, [22])
(64, [23])
(65, [24])
(66, [24, 25])
(67, [26])
(68, [26])
(70, [27])
(72, [28])
(160, [48])
(76, [29])
(77, [30])
(78, [30])
(207, [60])
(211, [61])
(139, [41])
(206, [60])
(87, [31])
(218, [63])
(135, [40])
(101, [32])
(194, [58])
(196, [59])
(112, [33])
(147, [46])
(117, [34])
(118, [34])
(120, [35])
(121, [35])
(122, [36])
(213, [62])
