(2, [0])
(6, [1])
(11, [2])
(12, [3])
(15, [4])
(21, [5])
(30, [6])
(31, [7])
(32, [7])
(41, [8])
(42, [8])
(44, [9])
(45, [9, 10])
(51, [11])
(52, [11])
(53, [12])
(56, [13])
(63, [14])
(65, [15])
(68, [16])
(69, [16])
(70, [17])
(74, [18])
(75, [18])
(76, [19])
(77, [20])
(78, [21])
(79, [21])
(80, [22])
(81, [23])
(89, [24])
(94, [25])
(98, [26])
(100, [27])
(101, [27])
(108, [28])
(112, [29, 30])
(113, [29, 30])
(116, [31])
(117, [31])
(118, [32])
(119, [33, 34])
(120, [35])
(122, [36])
(123, [36])
(124, [37])
(128, [38])
(133, [39])
(134, [40])
(135, [40])
(149, [41])
(154, [42])
(155, [42, 43])
(159, [44, 45])
(160, [46])
(165, [47])
(174, [48])
(175, [49])
(176, [49])
(178, [50])
(184, [51])
(189, [52])
(193, [53])
(194, [54])
(200, [55])
(209, [56])
(213, [57, 58])
(214, [59])
(215, [59])
(216, [60])
(219, [61])
(220, [62])
(224, [63])
(225, [63])
(226, [64])
(228, [65])
(229, [65, 66])
(230, [66])
(233, [67])
(235, [68])
(236, [68])
(240, [69])
(241, [70])
(244, [71])
(249, [72])
(250, [73])
(255, [74])
(257, [75])
(261, [76])
(263, [77])
(264, [77])
(267, [78, 79])
(268, [79])
(277, [80])
(287, [81])
(292, [82])
(293, [82])
(304, [83])
(307, [84])
(308, [84, 85])
(309, [85])
(312, [86])
(315, [87])
(316, [87])
(321, [88])
(323, [89])
(324, [89])
(327, [90])
(335, [91])
(337, [92, 93])
(338, [94])
(341, [95])
(342, [96])
(357, [97])
(359, [98])
(372, [99])
(373, [100])
