(2, [0])
(131, [32])
(178, [49])
(150, [35])
(7, [1])
(8, [1, 2])
(9, [2, 3])
(10, [3])
(11, [4])
(13, [5])
(14, [5])
(147, [33])
(20, [6])
(149, [34])
(22, [7])
(23, [7])
(31, [8])
(34, [9, 10])
(163, [36, 37])
(36, [11])
(165, [39])
(38, [12])
(39, [13])
(40, [13])
(169, [41, 42])
(170, [41, 42])
(171, [43])
(172, [44, 45])
(173, [46])
(175, [47])
(176, [48])
(177, [48])
(50, [14])
(179, [49])
(180, [50])
(53, [15])
(182, [51])
(185, [52])
(58, [16])
(59, [17])
(188, [54])
(189, [54])
(181, [50])
(64, [18])
(193, [55])
(195, [56])
(196, [56])
(69, [19])
(70, [19, 20])
(71, [20])
(72, [21])
(73, [21])
(162, [36])
(197, [57])
(164, [37, 38])
(90, [22])
(91, [22])
(186, [53])
(94, [23])
(96, [24])
(148, [33])
(187, [53])
(166, [40])
(103, [25])
(104, [26])
(105, [26])
(108, [27])
(114, [28])
(120, [29])
(121, [30])
(122, [31])
(123, [31])
