(0, [0])
(1, [1])
(7, [2])
(8, [2])
(12, [3])
(13, [4, 5])
(14, [5, 6])
(15, [6])
(17, [7])
(19, [8])
(23, [9, 10])
(24, [10])
(26, [11])
(27, [11])
(28, [12, 13])
(29, [13])
(34, [14])
(35, [14])
(36, [15])
(47, [16])
(48, [17])
(49, [17])
(50, [18])
(58, [19])
(65, [20])
(66, [20])
(68, [21])
(69, [21])
(73, [22])
(74, [23])
(76, [24])
(77, [24, 25])
(78, [25])
(80, [26])
(88, [27])
(90, [28])
(92, [29])
(103, [30, 31])
(107, [32])
(112, [33])
(114, [34])
(127, [35])
(129, [36])
(130, [37, 38])
(131, [38])
(132, [39])
(133, [40])
(136, [41])
(137, [41, 42])
(138, [42])
(143, [43])
(144, [43])
(151, [44, 45])
(152, [45])
(154, [46])
(155, [47])
(156, [47, 48])
(157, [48])
(158, [49])
(169, [50])
(170, [50])
(189, [51])
(190, [51, 52])
(191, [52])
(195, [53])
(197, [54])
(198, [54])
(199, [55])
(200, [55])
(201, [56])
(202, [56, 57])
(204, [58])
(205, [58])
(208, [59])
(213, [60])
(214, [60])
(217, [61])
(218, [62])
(219, [62])
(220, [63, 64])
(221, [64])
(229, [65])
(230, [65])
(237, [66])
(249, [67])
(259, [68])
