(0, [0])
(130, [41])
(8, [1])
(9, [1])
(11, [2])
(14, [3])
(143, [43])
(144, [44, 45])
(145, [44, 45])
(19, [4])
(20, [4])
(23, [5])
(216, [61])
(30, [6])
(32, [7])
(162, [48])
(35, [8])
(167, [49])
(220, [62])
(43, [9])
(44, [9])
(47, [10])
(176, [50])
(136, [42])
(51, [11])
(158, [47])
(182, [51])
(55, [12])
(56, [12])
(57, [13])
(188, [52])
(61, [14])
(62, [14, 15, 16])
(65, [17])
(195, [53])
(68, [18])
(69, [19])
(198, [54])
(71, [20])
(200, [55])
(202, [56])
(204, [57])
(77, [21])
(206, [58])
(207, [59])
(80, [22])
(222, [63])
(210, [60])
(84, [23])
(88, [24])
(89, [25])
(90, [26])
(91, [27, 28])
(92, [29])
(221, [63])
(199, [55])
(98, [30])
(227, [64])
(228, [65])
(102, [31])
(103, [31])
(104, [32])
(105, [32, 33])
(106, [33, 34])
(111, [35])
(112, [36])
(113, [36])
(147, [46])
(116, [37])
(119, [38])
(120, [38, 39])
(122, [40])
(123, [40])
(219, [62])
