(130, [29])
(132, [30])
(150, [39])
(6, [0])
(135, [31])
(137, [32, 33])
(10, [1])
(11, [1, 2])
(141, [34, 35])
(144, [36, 37])
(17, [3])
(19, [4, 5])
(20, [5])
(22, [6])
(153, [40])
(26, [7])
(28, [8])
(29, [8, 9])
(30, [10])
(159, [41])
(160, [42])
(34, [11])
(198, [49, 50])
(40, [12, 13])
(170, [43])
(171, [43])
(46, [14])
(180, [44])
(55, [15])
(59, [16])
(60, [17])
(189, [45])
(63, [18])
(192, [48])
(66, [19])
(67, [19])
(68, [20])
(70, [21])
(200, [51])
(201, [52])
(203, [53])
(79, [22])
(80, [22, 23])
(81, [23])
(94, [24])
(100, [25])
(105, [26])
(147, [38])
(191, [46, 47])
(125, [27, 28])
(126, [28])
