(128, [41])
(1, [0])
(4, [1])
(145, [45, 46])
(9, [2])
(10, [2])
(12, [3, 4])
(13, [5, 6])
(14, [7, 8])
(15, [7, 8])
(141, [43])
(17, [9])
(20, [10])
(21, [11])
(22, [12])
(151, [47, 48])
(152, [47, 48])
(153, [49])
(155, [50])
(156, [51])
(158, [52, 53])
(32, [13])
(166, [55])
(163, [54])
(165, [55])
(38, [14])
(40, [15])
(42, [16])
(142, [44])
(177, [57])
(180, [58])
(181, [58])
(182, [59])
(55, [17])
(56, [17])
(58, [18])
(59, [18])
(188, [61])
(190, [62])
(192, [63, 64])
(193, [65])
(70, [19, 20])
(71, [20])
(73, [21])
(77, [22])
(78, [22])
(79, [23])
(84, [24])
(85, [25])
(86, [25, 26])
(89, [27])
(90, [28])
(91, [29])
(95, [30])
(96, [30])
(187, [60])
(101, [31])
(103, [32])
(109, [33])
(110, [33])
(174, [56])
(113, [34])
(140, [42])
(122, [35])
(124, [36])
(125, [37, 38])
(126, [39])
(127, [40])
