(2, [0])
(5, [1])
(14, [2])
(15, [2])
(19, [3])
(20, [3])
(23, [4, 5])
(28, [6])
(29, [7])
(30, [7])
(35, [8])
(36, [8])
(41, [9])
(42, [9])
(45, [10])
(47, [11])
(48, [11])
(53, [12])
(55, [13])
(56, [14])
(57, [15])
(59, [16])
(60, [17, 18])
(64, [19])
(67, [20])
(70, [21, 22])
(72, [23])
(73, [24])
(74, [24, 25])
(76, [26])
(79, [27])
(80, [28, 29])
(84, [30])
(86, [31])
(89, [32])
(91, [33])
(92, [33])
(103, [34])
(104, [35])
(109, [36])
(110, [37, 38])
(111, [37, 38])
(117, [39])
(118, [39])
(119, [40, 41])
(120, [42])
(122, [43])
(129, [44])
(134, [45])
(136, [46])
(137, [46])
(142, [47])
(143, [48])
(145, [49])
(148, [50])
(149, [51])
(150, [52])
(153, [53])
(154, [54])
(156, [55, 56])
(157, [56])
(163, [57])
(165, [58])
(183, [59, 60])
(184, [61])
(185, [62])
(186, [62, 63])
(187, [63])
(189, [64])
(190, [65])
(191, [66])
(192, [66])
(195, [67])
(196, [68])
(198, [69])
(199, [69, 70])
(201, [71, 72])
(203, [73])
(204, [74])
(207, [75])
(208, [76])
(209, [77])
(210, [77])
(213, [78])
(217, [79, 80])
(218, [79, 80])
(219, [81])
(225, [82])
(226, [82])
(230, [83])
(231, [83])
(234, [84])
(239, [85])
(240, [85])
