(257, [40])
(2, [0])
(3, [1])
(4, [1])
(5, [2])
(134, [20])
(135, [20])
(139, [21])
(12, [3])
(258, [40])
(152, [24])
(18, [4])
(149, [22])
(151, [23])
(24, [5, 6])
(153, [24])
(160, [25, 26])
(161, [26])
(162, [27])
(163, [27])
(36, [7])
(262, [41])
(166, [28])
(50, [8])
(52, [9])
(219, [36])
(183, [29])
(59, [10])
(60, [10])
(64, [11])
(195, [30])
(68, [12])
(268, [42, 43])
(79, [13])
(208, [32])
(209, [33])
(210, [33])
(213, [34])
(214, [34])
(217, [35])
(218, [35])
(207, [31])
(220, [36])
(102, [14])
(103, [14])
(105, [15])
(106, [15])
(238, [37])
(113, [16])
(116, [17])
(117, [18])
(118, [18])
(247, [38])
(251, [39])
(126, [19])
(127, [19])
