(130, [33])
(131, [33])
(178, [54])
(6, [0])
(135, [34])
(136, [34])
(10, [1])
(140, [36])
(13, [2])
(14, [2])
(173, [49])
(16, [3])
(145, [38])
(146, [39])
(20, [4])
(21, [4])
(150, [41])
(23, [5])
(24, [5])
(26, [6])
(175, [50])
(154, [42])
(158, [45])
(159, [45])
(160, [46])
(33, [7])
(35, [8])
(198, [58])
(168, [47])
(170, [48])
(176, [51])
(45, [9])
(174, [50])
(157, [43, 44])
(48, [10])
(177, [52, 53])
(50, [11])
(182, [55])
(55, [12])
(138, [35])
(62, [13])
(194, [56])
(195, [57])
(70, [14])
(71, [14])
(72, [15])
(73, [15])
(75, [16])
(76, [17])
(77, [17])
(80, [18])
(142, [37])
(87, [19])
(88, [19])
(89, [20, 21])
(94, [22])
(95, [22])
(96, [23])
(100, [24])
(101, [25])
(102, [25])
(103, [26])
(104, [26])
(105, [27])
(106, [28])
(111, [29])
(118, [30])
(148, [40])
(122, [31])
(126, [32])
