(128, [35])
(129, [36])
(130, [36, 37])
(3, [0])
(4, [0])
(5, [1])
(6, [1])
(135, [39])
(137, [40])
(12, [2, 3])
(13, [3])
(15, [4])
(152, [44])
(19, [5])
(20, [6])
(149, [42])
(22, [7])
(151, [43])
(24, [8, 9])
(25, [9])
(26, [10])
(27, [11])
(31, [12])
(160, [45])
(34, [13])
(35, [13])
(36, [14])
(134, [39])
(166, [47, 48])
(40, [15])
(193, [53])
(159, [45])
(173, [50])
(47, [16])
(49, [17])
(50, [17])
(172, [49])
(181, [51])
(55, [18])
(57, [19])
(58, [20])
(59, [20, 21])
(63, [22])
(64, [23])
(65, [23])
(194, [53])
(147, [41])
(74, [24])
(183, [52])
(88, [25])
(164, [46])
(99, [26])
(131, [38])
(104, [27])
(105, [27])
(107, [28])
(108, [28])
(109, [29])
(115, [30, 31])
(116, [31])
(121, [32])
(122, [33])
(125, [34])
(126, [34])
