(10, [0])
(11, [0])
(13, [1])
(14, [1])
(15, [2])
(16, [3])
(21, [4])
(22, [4, 5])
(30, [6])
(39, [7])
(49, [8])
(63, [9])
(64, [10])
(66, [11, 12])
(67, [12])
(71, [13])
(74, [14])
(75, [14])
(76, [15])
(77, [15])
(81, [16])
(82, [16])
(95, [17, 18])
(100, [19])
(108, [20])
(109, [20, 21])
(110, [21])
(112, [22])
(113, [22])
(117, [23])
(118, [23])
(120, [24])
(121, [25])
(122, [26, 27])
(123, [27])
(126, [28])
(127, [28])
(129, [29])
(132, [30])
(136, [31])
(137, [31])
(146, [32])
(151, [33])
(153, [34])
(155, [35])
(156, [35])
(161, [36])
(165, [37])
(166, [37])
(168, [38])
(170, [39])
(174, [40])
(175, [40])
(176, [41])
(177, [42])
(178, [42])
(180, [43])
(181, [43, 44])
(182, [44])
(183, [45])
(184, [45])
(191, [46])
(192, [46])
(195, [47])
(196, [47])
(198, [48])
(200, [49])
(204, [50])
(209, [51])
(212, [52])
(216, [53])
(226, [54])
(227, [54])
(236, [55])
(243, [56])
(267, [57])
(268, [58])
(269, [58])
(276, [59])
(277, [59])
(285, [60])
(289, [61])
(290, [61, 62])
(292, [63])
(295, [64])
(299, [65])
(305, [66])
(306, [66])
