(0, [0])
(5, [1])
(7, [2])
(8, [2, 3])
(10, [4])
(11, [5])
(13, [6])
(14, [6])
(15, [7])
(21, [8])
(24, [9])
(25, [9, 10])
(26, [10])
(38, [11, 12])
(42, [13])
(45, [14])
(46, [14])
(49, [15])
(57, [16])
(58, [17, 18, 19])
(59, [19])
(68, [20])
(69, [20])
(78, [21])
(79, [22])
(80, [22])
(81, [23])
(91, [24])
(92, [24])
(93, [25])
(94, [26])
(95, [26])
(96, [27])
(98, [28])
(99, [28])
(101, [29])
(102, [30])
(107, [31])
(111, [32])
(118, [33])
(119, [33])
(125, [34])
(128, [35])
(142, [36])
(143, [36])
(148, [37])
(155, [38])
(156, [39])
(158, [40])
(159, [40])
(160, [41])
(162, [42])
(163, [43])
(164, [44, 45])
(165, [44, 45])
(167, [46])
(168, [46])
(169, [47])
(190, [48])
(191, [48])
(201, [49])
(212, [50])
(218, [51, 52])
(219, [51, 52])
(223, [53])
(229, [54])
(230, [54])
(233, [55, 56])
(242, [57])
(246, [58, 59])
(248, [60])
(249, [60])
(250, [61])
(259, [62])
(262, [63])
(264, [64])
(269, [65])
(271, [66, 67])
(277, [68])
(278, [69])
(286, [70])
(288, [71])
(290, [72])
(293, [73])
(294, [74])
(295, [74])
(296, [75])
(297, [75, 76])
(298, [76])
(299, [77])
(301, [78])
(310, [79])
(311, [79])
