(129, [33])
(130, [34])
(131, [35, 36])
(132, [37])
(261, [60])
(134, [38])
(135, [38])
(192, [48])
(14, [0])
(15, [1])
(195, [50])
(277, [63])
(225, [57])
(29, [2])
(30, [2])
(41, [3, 4])
(42, [5])
(172, [41, 42])
(173, [42])
(174, [43])
(47, [6])
(49, [7, 8])
(50, [8])
(51, [9])
(52, [10])
(54, [11])
(55, [11])
(184, [44, 45])
(57, [12])
(59, [13])
(60, [14])
(189, [46])
(190, [47])
(191, [48])
(64, [15])
(65, [16])
(67, [17])
(68, [18])
(197, [51])
(198, [52])
(199, [52])
(200, [53])
(201, [53])
(74, [19])
(75, [19])
(205, [54])
(157, [40])
(208, [55])
(193, [49])
(142, [39])
(86, [20])
(185, [45])
(218, [56])
(271, [62])
(95, [21, 22, 23])
(96, [23])
(97, [24])
(98, [24])
(102, [25])
(231, [58])
(268, [61])
(107, [26])
(108, [26])
(110, [27])
(112, [28, 29])
(118, [30])
(119, [30])
(123, [31])
(253, [59])
(126, [32])
(127, [32])
