(0, [0])
(2, [1])
(132, [34, 35])
(133, [35])
(7, [2])
(8, [2, 3])
(9, [3])
(11, [4])
(12, [4])
(145, [37])
(146, [37])
(147, [38])
(149, [39])
(28, [5])
(31, [6])
(32, [6])
(38, [7])
(41, [8])
(42, [9, 10])
(45, [11])
(46, [11, 12])
(47, [13])
(136, [36])
(53, [14])
(54, [15])
(137, [36])
(64, [16])
(65, [17])
(66, [17, 18])
(67, [19])
(68, [19, 20])
(69, [21])
(74, [22])
(75, [23])
(78, [24])
(82, [25])
(83, [25])
(87, [26])
(88, [26])
(90, [27])
(99, [28])
(100, [28])
(101, [29, 30])
(110, [31])
(117, [32])
(122, [33])
(123, [33])
