(0, [0])
(1, [0])
(134, [41])
(7, [1])
(8, [1])
(13, [2])
(14, [3, 4])
(21, [5])
(31, [6, 7])
(32, [6, 7])
(41, [8, 9])
(42, [8, 9])
(54, [10])
(55, [10, 11])
(68, [12])
(69, [12, 13])
(70, [13])
(72, [14])
(73, [14])
(74, [15])
(75, [15])
(77, [16])
(80, [17, 18])
(81, [19])
(82, [19])
(83, [20])
(84, [21])
(91, [22])
(92, [23])
(93, [24])
(96, [25])
(97, [26, 27])
(100, [28, 29])
(101, [30])
(102, [30])
(103, [31])
(104, [32])
(105, [33])
(106, [33])
(108, [34])
(111, [35])
(120, [36])
(121, [36])
(123, [37])
(124, [37, 38])
(125, [39])
(126, [40])
