(134, [33])
(7, [0])
(8, [0])
(9, [1])
(18, [2])
(147, [36])
(151, [37])
(137, [35])
(156, [38])
(29, [3])
(32, [4])
(33, [4, 5])
(162, [39])
(38, [6, 7])
(177, [40])
(41, [8, 9])
(42, [9])
(176, [40])
(44, [10])
(47, [11])
(48, [11, 12])
(49, [13])
(50, [14])
(179, [41])
(181, [42])
(54, [15])
(55, [15])
(56, [16, 17])
(57, [16, 17])
(186, [45])
(187, [46])
(60, [18])
(61, [19, 20])
(62, [20])
(191, [47])
(68, [21])
(182, [43])
(71, [22])
(73, [23])
(74, [24])
(77, [25])
(78, [26])
(79, [26, 27])
(80, [28])
(185, [44])
(90, [29])
(91, [29])
(93, [30])
(101, [31])
(161, [39])
(190, [47])
(136, [34])
(126, [32])
