(0, [0])
(1, [1])
(2, [2])
(3, [2])
(5, [3])
(7, [4])
(8, [4])
(128, [38])
(12, [5, 6])
(13, [7])
(143, [40])
(17, [8])
(152, [41])
(153, [41])
(155, [42])
(28, [9])
(29, [10])
(30, [11])
(31, [12])
(32, [13])
(35, [14])
(36, [14])
(38, [15])
(129, [38])
(156, [42])
(42, [16])
(43, [16])
(44, [17])
(175, [44])
(180, [45])
(158, [43])
(140, [39])
(190, [46])
(191, [46])
(66, [18])
(69, [19])
(198, [47])
(72, [20, 21])
(73, [21])
(75, [22])
(204, [48])
(205, [48])
(80, [23, 24, 25])
(81, [26])
(82, [27])
(85, [28, 29])
(92, [30])
(96, [31])
(97, [32])
(102, [33])
(105, [34])
(106, [34])
(114, [35])
(115, [35])
(119, [36])
(124, [37])
(125, [37])
