(0, [0])
(5, [1])
(6, [1])
(7, [2])
(8, [2])
(215, [54])
(141, [31])
(14, [3])
(15, [4])
(174, [39])
(150, [32, 33])
(151, [32, 33])
(24, [5])
(153, [34])
(154, [34])
(28, [6])
(157, [35])
(30, [7])
(32, [8])
(33, [8])
(162, [36])
(163, [37])
(36, [9])
(37, [10])
(38, [11])
(40, [12])
(41, [12])
(42, [13])
(199, [46])
(46, [14])
(47, [14])
(177, [40])
(178, [41])
(53, [15])
(54, [16])
(201, [47])
(60, [17])
(61, [17])
(214, [53])
(65, [18])
(66, [19])
(195, [44])
(196, [44])
(197, [45])
(198, [45])
(194, [43])
(72, [20])
(73, [20])
(202, [48])
(206, [49])
(156, [35])
(83, [21])
(212, [52])
(142, [31])
(86, [22])
(87, [22])
(164, [37])
(90, [23])
(221, [56])
(218, [55])
(97, [24, 25])
(98, [24, 25])
(217, [55])
(105, [26])
(106, [27])
(107, [27])
(200, [47])
(210, [50])
(189, [42])
(168, [38])
(211, [51])
(121, [28])
(122, [28])
(124, [29])
(125, [30])
