(0, [0])
(128, [40])
(130, [41])
(7, [1])
(137, [42])
(15, [2])
(16, [2])
(17, [3])
(29, [4])
(36, [5])
(40, [6])
(41, [6])
(42, [7])
(43, [8])
(44, [8])
(47, [9])
(48, [10])
(54, [11])
(57, [12])
(59, [13])
(60, [14])
(70, [15, 16])
(71, [17])
(75, [18])
(76, [18])
(79, [19])
(80, [20])
(81, [20, 21])
(84, [22])
(85, [22])
(86, [23])
(87, [24])
(88, [24])
(89, [25])
(91, [26])
(93, [27])
(99, [28])
(100, [29])
(101, [30, 31])
(102, [32])
(106, [33])
(113, [34])
(118, [35])
(120, [36, 37])
(125, [38, 39])
(126, [39])
