(132, [38])
(133, [39, 40])
(134, [40])
(136, [41])
(138, [42])
(139, [42])
(140, [43])
(13, [0])
(14, [0])
(143, [44])
(144, [44])
(146, [45])
(19, [1, 2])
(20, [2])
(153, [47])
(154, [47])
(175, [55, 56, 57])
(156, [48, 49])
(157, [49])
(32, [3])
(163, [50])
(36, [4, 5])
(37, [6])
(38, [7])
(39, [7])
(168, [54])
(44, [8])
(45, [8])
(46, [9])
(47, [9])
(48, [10])
(179, [58, 59])
(180, [60])
(53, [11])
(55, [12])
(56, [12, 13])
(57, [13])
(59, [14])
(188, [61])
(189, [62])
(181, [60])
(66, [15])
(67, [15])
(147, [45, 46])
(69, [16])
(70, [17])
(194, [63])
(75, [18])
(76, [19, 20])
(77, [20])
(164, [51])
(203, [65])
(88, [21])
(89, [22, 23])
(91, [24])
(92, [24])
(165, [52])
(208, [66])
(100, [25, 26])
(166, [53])
(102, [27, 28])
(105, [29])
(167, [54])
(108, [30])
(109, [31])
(110, [31])
(111, [32])
(112, [32])
(115, [33])
(116, [33])
(122, [34])
(123, [35, 36])
(124, [36])
(125, [37])
(195, [64])
