(3, [0])
(4, [0])
(12, [1])
(13, [2])
(19, [3, 4])
(21, [5])
(22, [5])
(23, [6])
(24, [6])
(30, [7])
(31, [7])
(32, [8])
(33, [8])
(39, [9])
(40, [9])
(42, [10])
(43, [11])
(56, [12])
(58, [13])
(61, [14])
(65, [15])
(69, [16])
(70, [16, 17])
(71, [17])
(78, [18])
(86, [19])
(87, [19, 20])
(88, [20])
(89, [21])
(90, [21])
(92, [22])
(100, [23])
(102, [24])
(105, [25])
(107, [26])
(108, [26, 27])
(109, [28])
(113, [29])
(114, [29])
(115, [30])
(118, [31])
(119, [31])
(120, [32, 33])
(121, [33])
(125, [34])
(126, [34])
(127, [35])
(130, [36])
(132, [37])
(149, [38, 39])
(150, [39])
(151, [40])
(152, [40])
(153, [41])
(157, [42, 43])
(158, [43])
(159, [44])
(160, [45])
(161, [45])
(162, [46])
(163, [46])
(167, [47])
(168, [48])
(169, [48])
(171, [49])
(172, [49])
(173, [50])
(179, [51, 52, 53])
(180, [53, 54])
(181, [54])
(183, [55])
(184, [56])
(185, [56])
(189, [57])
(190, [58])
(196, [59])
(197, [60])
(198, [61])
(199, [61])
(202, [62, 63])
(203, [64, 65])
(204, [65])
(205, [66, 67])
(206, [67])
(211, [68])
(212, [69])
(213, [69, 70])
(214, [71])
(216, [72])
(219, [73])
(220, [73])
(222, [74])
(224, [75])
(226, [76])
(228, [77])
(230, [78])
(231, [78])
(232, [79])
(233, [79])
(248, [80])
