(1, [0])
(134, [36])
(137, [37])
(138, [37])
(139, [38])
(14, [1])
(17, [2])
(149, [39])
(150, [40])
(151, [40])
(26, [3])
(31, [4])
(33, [7])
(34, [5, 6, 7])
(36, [8])
(43, [9])
(44, [10])
(45, [10, 11])
(46, [11, 12])
(47, [12])
(49, [13])
(53, [14])
(54, [14])
(57, [15, 16])
(58, [16])
(59, [17])
(61, [18])
(62, [18])
(68, [19])
(69, [19])
(74, [20, 21])
(75, [20, 21])
(76, [22])
(80, [23])
(81, [23])
(82, [24])
(84, [25])
(86, [26])
(87, [26])
(94, [27])
(95, [27, 28])
(98, [29])
(101, [30, 31])
(102, [31])
(106, [32])
(108, [33])
(109, [33])
(120, [34])
(125, [35])
