(1, [0])
(2, [0])
(131, [25])
(132, [25])
(136, [26, 27])
(9, [1])
(138, [28, 29])
(151, [33])
(130, [24])
(14, [2, 3])
(15, [3])
(144, [30])
(18, [4])
(148, [31])
(21, [5])
(23, [6])
(152, [34])
(25, [7])
(27, [8])
(158, [35])
(159, [35])
(32, [9])
(161, [36])
(167, [37])
(43, [10])
(172, [38, 39])
(173, [39])
(48, [11])
(177, [43])
(179, [44])
(53, [12])
(54, [12])
(176, [40, 41, 42])
(190, [45])
(191, [45, 46])
(192, [46])
(193, [47])
(66, [13])
(195, [48])
(70, [14])
(199, [49])
(200, [49, 50])
(85, [15, 16])
(87, [17])
(88, [17])
(89, [18])
(98, [19])
(104, [20])
(105, [20])
(111, [21])
(112, [22])
(153, [34])
(125, [23])
(149, [32])
