(0, [0])
(9, [1])
(10, [2])
(15, [3])
(16, [4])
(18, [5, 6])
(23, [7])
(25, [8])
(26, [9, 10])
(27, [11])
(28, [12])
(35, [13])
(36, [14])
(37, [15])
(38, [15])
(40, [16])
(44, [17])
(46, [18])
(51, [19])
(52, [20, 21])
(53, [22])
(54, [22])
(59, [23])
(60, [24])
(62, [25])
(63, [25])
(64, [26])
(66, [27])
(67, [27])
(68, [28, 29])
(69, [29])
(71, [30])
(72, [31])
(74, [32])
(75, [33])
(78, [34])
(79, [34])
(82, [35])
(83, [36])
(84, [36])
(85, [37])
(89, [38])
(90, [39, 40])
(91, [41])
(92, [41])
(94, [42, 43])
(109, [44])
(110, [45])
(113, [46])
(114, [46, 47, 48])
(125, [49])
(126, [50])
(131, [51])
(135, [52])
(137, [53])
(138, [54])
(139, [55])
(140, [56])
(141, [56])
(142, [57])
(145, [58])
(147, [59])
(149, [60])
(150, [61])
(152, [62])
(154, [63])
(155, [64])
(156, [65])
(157, [66])
(158, [67])
(161, [68])
(170, [69])
(175, [70])
(176, [71])
(178, [72])
(179, [72])
(186, [73])
(187, [74])
(189, [75])
(191, [76])
(192, [77])
(193, [77])
(196, [78])
(197, [78, 79])
(199, [80])
(203, [81])
(205, [82])
(207, [83])
(208, [83])
(209, [84, 85])
(210, [84, 85])
(220, [86])
(221, [86])
(222, [87])
(223, [87])
(226, [88])
(227, [89, 90])
(228, [91])
(230, [92])
