(133, [43])
(135, [44])
(136, [45, 46])
(9, [0])
(145, [48, 49])
(11, [1, 2])
(13, [3])
(142, [47])
(144, [48])
(17, [4])
(146, [49])
(20, [5])
(149, [50])
(22, [6])
(23, [6])
(26, [7])
(175, [56])
(28, [8])
(29, [9])
(150, [51])
(160, [53])
(33, [10])
(35, [11])
(36, [12])
(38, [13])
(40, [14])
(41, [14])
(47, [15])
(53, [16])
(54, [16, 17])
(137, [46])
(56, [18])
(57, [19])
(168, [54])
(151, [51])
(62, [20])
(63, [20])
(68, [21])
(182, [57])
(72, [22])
(73, [23])
(183, [57])
(77, [24])
(78, [24, 25])
(156, [52])
(87, [26])
(89, [27])
(92, [28])
(93, [28])
(96, [29])
(98, [30])
(99, [30, 31])
(100, [31])
(101, [32])
(102, [32])
(103, [33])
(188, [58])
(107, [34])
(109, [35])
(111, [36, 37])
(113, [38])
(118, [39])
(119, [40])
(120, [40])
(169, [55])
(124, [41])
(125, [42])
