(128, [30])
(192, [51])
(135, [31])
(8, [0])
(9, [1])
(10, [1, 2, 3])
(139, [32])
(141, [33, 34, 35])
(143, [36])
(195, [52, 53])
(150, [37])
(23, [4])
(152, [39])
(25, [5])
(26, [6])
(27, [6])
(156, [40])
(158, [41, 42])
(34, [7])
(35, [8])
(36, [8, 9])
(37, [9])
(38, [10])
(167, [43])
(41, [11])
(171, [44])
(172, [44])
(173, [45])
(46, [12])
(47, [13])
(48, [13])
(200, [54])
(50, [14])
(182, [46])
(183, [46])
(56, [15])
(57, [16])
(58, [16])
(151, [38])
(138, [32])
(190, [49])
(191, [50])
(64, [17])
(65, [17])
(194, [52])
(67, [18])
(196, [53])
(72, [19])
(77, [20])
(78, [21])
(207, [55])
(206, [55])
(185, [47])
(90, [22])
(91, [23])
(92, [23, 24, 25])
(93, [24, 25])
(98, [26])
(99, [26])
(100, [27])
(101, [27])
(188, [48])
(107, [28])
(189, [48])
(120, [29])
(121, [29])
(166, [43])
(127, [30])
