(1, [0])
(132, [39])
(5, [1, 2])
(6, [2])
(7, [3])
(10, [4])
(139, [42, 43])
(12, [5])
(138, [41])
(145, [44])
(19, [6])
(173, [51])
(218, [56])
(158, [45])
(159, [46, 47])
(160, [46, 47])
(214, [54, 55])
(36, [7])
(165, [48])
(129, [38])
(220, [58])
(193, [53])
(43, [8])
(172, [49, 50])
(45, [9])
(47, [10])
(53, [11])
(54, [12])
(215, [55])
(186, [52])
(60, [13])
(61, [13, 14])
(62, [15])
(63, [16])
(64, [16])
(65, [17])
(67, [18])
(68, [19])
(72, [20])
(140, [43])
(74, [21])
(135, [40])
(80, [22])
(81, [22])
(86, [23])
(87, [24])
(88, [25, 26])
(89, [26])
(90, [27])
(219, [57, 58])
(92, [28])
(93, [29])
(224, [59])
(225, [59])
(104, [30])
(236, [60])
(237, [60, 61])
(110, [31])
(111, [32, 33])
(241, [62])
(114, [34])
(243, [63])
(245, [64])
(247, [65])
(123, [35])
(124, [36])
(126, [37])
