(128, [25])
(129, [25])
(299, [63])
(4, [0])
(133, [26])
(172, [37])
(263, [53])
(136, [27])
(9, [1])
(10, [1, 2])
(11, [3])
(12, [4])
(269, [54])
(142, [30, 31])
(15, [5])
(17, [6])
(18, [7])
(275, [57])
(276, [57])
(153, [34])
(25, [8])
(154, [34])
(282, [58])
(30, [9])
(260, [51])
(32, [10])
(162, [35])
(163, [35])
(292, [61])
(262, [52])
(38, [11])
(39, [11])
(169, [36])
(298, [63])
(281, [58])
(44, [12])
(303, [64])
(51, [13])
(54, [14])
(137, [28])
(314, [65, 66])
(287, [59])
(273, [55, 56])
(62, [15])
(64, [16])
(139, [29])
(71, [17])
(200, [38])
(202, [39])
(203, [40])
(204, [41])
(77, [18])
(291, [60, 61])
(80, [19, 20])
(81, [21])
(82, [21])
(211, [42])
(87, [22])
(143, [32])
(220, [43])
(222, [44])
(293, [62])
(294, [62])
(145, [33])
(232, [45, 46])
(236, [47])
(274, [56])
(253, [50])
(250, [48])
(251, [49])
(252, [50])
(219, [43])
(126, [23])
(127, [24])
