(149, [45])
(1, [0, 1])
(131, [35])
(132, [35])
(5, [2])
(134, [36])
(7, [3])
(8, [4])
(12, [5])
(14, [6])
(15, [6])
(155, [46])
(145, [40])
(146, [41])
(19, [7])
(20, [8])
(21, [9])
(26, [10])
(27, [11])
(156, [47])
(157, [47, 48])
(30, [12])
(31, [12])
(35, [13])
(167, [52, 53, 54])
(168, [54])
(159, [49, 50])
(173, [55])
(176, [56])
(136, [37])
(51, [14])
(52, [15])
(158, [49])
(55, [16])
(56, [17])
(185, [58])
(58, [18, 19, 20])
(59, [20])
(60, [21])
(61, [22])
(190, [60])
(63, [23])
(192, [61])
(193, [62])
(194, [62])
(67, [24])
(199, [63])
(140, [38])
(75, [25])
(204, [64])
(205, [65])
(78, [26])
(207, [67])
(184, [57])
(163, [51])
(206, [66])
(86, [27])
(88, [28])
(89, [28])
(143, [39])
(94, [29, 30])
(95, [30, 31])
(96, [31])
(98, [32])
(99, [32])
(188, [59])
(177, [56])
(189, [60])
(147, [42, 43])
(187, [59])
(148, [44])
(127, [33, 34])
