(235, [44])
(132, [24])
(133, [24])
(10, [0])
(140, [25])
(143, [26])
(17, [1])
(248, [47])
(20, [2])
(21, [3])
(22, [3])
(279, [51])
(225, [43])
(155, [28])
(156, [28])
(157, [29])
(30, [4])
(34, [5])
(35, [6])
(198, [38])
(167, [32])
(168, [32])
(170, [33])
(47, [7])
(49, [8])
(180, [35])
(158, [30])
(219, [41, 42])
(187, [37])
(60, [9])
(61, [9])
(181, [35, 36])
(70, [10])
(199, [38])
(72, [11])
(177, [34])
(76, [12])
(226, [43])
(208, [39])
(81, [13])
(82, [13])
(163, [31])
(213, [40])
(271, [48])
(91, [14])
(92, [14])
(93, [15])
(280, [51])
(96, [16])
(97, [17])
(148, [27])
(101, [18])
(102, [18])
(209, [39])
(107, [19, 20])
(108, [20])
(239, [45])
(240, [45])
(114, [21])
(245, [46])
(247, [47])
(120, [22])
(121, [23])
(276, [49, 50])
