(192, [30])
(2, [0])
(6, [1])
(193, [30])
(9, [2])
(10, [2])
(215, [41, 42])
(12, [3])
(14, [4])
(15, [5])
(18, [6])
(196, [33])
(26, [7])
(218, [45])
(185, [28])
(31, [8])
(32, [8])
(38, [9])
(199, [34])
(57, [10])
(188, [29])
(189, [29])
(63, [11, 12])
(64, [13])
(65, [13])
(194, [31])
(195, [31, 32])
(68, [14])
(69, [14, 15])
(71, [16])
(72, [16])
(201, [35])
(74, [17])
(203, [36])
(204, [36])
(77, [18])
(78, [18])
(207, [38])
(81, [19])
(212, [39, 40])
(206, [37])
(87, [20])
(216, [42])
(217, [43, 44])
(90, [21])
(92, [22])
(97, [23])
(98, [23])
(101, [24, 25])
(102, [25])
(109, [26, 27])
(110, [27])
