(0, [0])
(1, [0])
(2, [1, 2])
(3, [3])
(4, [4])
(6, [5])
(7, [5, 6])
(8, [6])
(137, [32])
(132, [29])
(130, [28])
(143, [33])
(19, [7])
(21, [8])
(22, [9])
(23, [9])
(25, [10])
(26, [10])
(29, [11])
(30, [11])
(32, [12])
(33, [12])
(162, [34])
(163, [35])
(164, [35])
(134, [30])
(177, [38])
(129, [27])
(41, [13])
(42, [13])
(43, [14])
(44, [14])
(175, [37])
(176, [37])
(49, [15])
(50, [16])
(51, [16])
(54, [17])
(55, [18])
(185, [39, 40])
(190, [41])
(191, [41])
(193, [42])
(194, [42])
(202, [43, 44])
(78, [19])
(210, [45])
(83, [20])
(170, [36])
(213, [46, 47])
(214, [47])
(169, [36])
(135, [31])
(94, [21])
(136, [32])
(131, [28, 29])
(109, [22])
(212, [46])
(119, [23])
(121, [24])
(122, [25])
(123, [25])
(125, [26])
