(1, [0])
(2, [0, 1])
(3, [1, 2])
(4, [2])
(5, [3])
(7, [4])
(8, [4])
(172, [46])
(141, [32])
(14, [5])
(143, [33])
(16, [6])
(17, [6])
(174, [47])
(25, [7])
(175, [47])
(28, [8, 9])
(157, [35, 36])
(30, [10])
(159, [38])
(32, [11])
(33, [12])
(34, [12])
(163, [40, 41])
(164, [40, 41])
(165, [42])
(166, [43, 44])
(167, [45])
(156, [35])
(44, [13])
(142, [32])
(47, [14])
(176, [48])
(52, [15])
(53, [16])
(58, [17])
(63, [18])
(64, [18, 19])
(65, [19])
(66, [20])
(67, [20])
(158, [36, 37])
(160, [39])
(84, [21])
(85, [21])
(88, [22])
(90, [23])
(97, [24])
(98, [25])
(99, [25])
(102, [26])
(144, [34])
(108, [27])
(114, [28])
(115, [29])
(116, [30])
(117, [30])
(125, [31])
