(179, [47])
(7, [0, 1])
(8, [1])
(9, [2])
(140, [38])
(141, [38])
(15, [3])
(16, [4])
(145, [39])
(18, [5])
(19, [5])
(21, [6, 7])
(23, [8])
(26, [9])
(27, [9])
(29, [10])
(31, [11])
(164, [41])
(146, [39])
(170, [42, 43])
(171, [43])
(172, [44])
(174, [45])
(157, [40])
(177, [46])
(178, [46, 47])
(51, [12])
(180, [48])
(181, [48])
(55, [13])
(56, [13])
(58, [14])
(191, [50])
(65, [15])
(175, [45])
(195, [52])
(68, [16])
(69, [17])
(70, [18])
(72, [19])
(201, [53])
(75, [20])
(76, [20])
(205, [54])
(78, [21])
(79, [21])
(222, [55])
(227, [57])
(84, [22])
(85, [23, 24])
(86, [24])
(186, [49])
(89, [25])
(90, [26, 27])
(91, [26, 27])
(92, [28])
(93, [28, 29])
(94, [30])
(225, [56])
(99, [31, 32])
(194, [51, 52])
(106, [33])
(108, [34])
(109, [34])
(110, [35, 36])
(111, [36])
(115, [37])
(204, [54])
