(130, [41])
(131, [42])
(139, [43])
(141, [44])
(142, [45, 46])
(15, [0])
(17, [1, 2])
(19, [3])
(148, [47])
(174, [54])
(150, [48])
(23, [4])
(152, [49])
(26, [5])
(155, [50])
(28, [6])
(29, [6])
(197, [59])
(32, [7])
(34, [8])
(35, [9])
(166, [53])
(39, [10])
(41, [11])
(42, [12])
(44, [13])
(151, [48, 49])
(46, [14])
(47, [14])
(53, [15])
(59, [16])
(60, [16, 17])
(189, [57])
(62, [18])
(63, [19])
(181, [56])
(175, [55])
(68, [20])
(69, [20])
(198, [59])
(194, [58])
(74, [21])
(203, [60])
(204, [60])
(162, [52])
(78, [22])
(79, [23])
(156, [51])
(83, [24])
(84, [24, 25])
(143, [46])
(93, [26])
(95, [27])
(188, [57])
(98, [28])
(99, [28])
(102, [29])
(104, [30])
(105, [30, 31])
(106, [31])
(107, [32])
(108, [32])
(109, [33])
(157, [51])
(113, [34])
(115, [35])
(117, [36, 37])
(119, [38])
(124, [39])
(125, [40])
(126, [40])
