(0, [0])
(1, [1, 2])
(2, [3])
(4, [4])
(6, [5])
(7, [5])
(12, [6])
(14, [7])
(15, [8, 9])
(16, [10])
(28, [11])
(31, [12])
(32, [13])
(35, [14])
(46, [15])
(47, [16])
(48, [16, 17])
(51, [18])
(52, [19])
(53, [19])
(56, [20, 21])
(57, [22])
(58, [23])
(61, [24])
(63, [25])
(64, [25])
(68, [26])
(75, [27])
(76, [28])
(77, [28])
(78, [29])
(81, [30])
(82, [31])
(84, [32])
(89, [33])
(90, [34])
(104, [35])
(105, [36])
(113, [37])
(115, [38])
(116, [38])
(122, [39])
(126, [40])
(127, [41])
(128, [42])
(129, [42])
(131, [43, 44])
(135, [45])
(139, [46])
(153, [47, 48])
(155, [49])
(166, [50])
(167, [50])
(169, [51])
(171, [52, 53])
(172, [53])
(173, [54])
(174, [54])
(175, [55])
(178, [56])
(179, [56])
(187, [57])
(188, [58])
(200, [59])
(201, [60, 61])
(202, [61])
(203, [62, 63])
(208, [64])
(210, [65])
(213, [66])
(217, [67])
(218, [67])
(219, [68])
(220, [68])
(223, [69])
(227, [70])
(233, [71, 72])
(235, [73, 74])
(242, [75])
(244, [76])
(251, [77])
(255, [78])
(260, [79])
(262, [80])
(264, [81])
(267, [82, 83])
(268, [83])
(269, [84, 85])
(270, [85])
(271, [86])
