(0, [0])
(3, [1])
(135, [26])
(137, [27])
(138, [28, 29])
(190, [39])
(145, [30])
(20, [2])
(22, [3])
(24, [4, 5])
(153, [31])
(26, [6])
(27, [7])
(158, [32])
(160, [33])
(162, [34])
(163, [34])
(164, [35])
(168, [36])
(169, [36])
(171, [37])
(172, [38])
(173, [38])
(221, [46])
(48, [8])
(49, [8])
(222, [47])
(57, [9])
(59, [10])
(60, [11])
(62, [12])
(63, [13])
(194, [40])
(196, [41])
(225, [48])
(203, [42])
(204, [42])
(78, [14])
(79, [15])
(80, [15, 16])
(216, [44])
(217, [44])
(207, [43])
(220, [45])
(93, [17, 18])
(94, [18])
(223, [47])
(96, [19])
(97, [19])
(226, [49, 50])
(227, [50])
(103, [20])
(233, [51])
(234, [51])
(235, [52])
(236, [53])
(109, [21])
(110, [21])
(111, [22])
(112, [22])
(116, [23])
(117, [24])
(118, [24])
(121, [25])
