(0, [0])
(128, [29])
(2, [1])
(3, [1])
(4, [2])
(5, [3])
(7, [4])
(139, [33])
(130, [30, 31])
(14, [5])
(15, [5, 6])
(144, [34])
(19, [7])
(148, [35])
(171, [43])
(150, [36])
(154, [37, 38])
(27, [8])
(156, [39])
(157, [39])
(162, [40])
(163, [40])
(40, [9])
(169, [42])
(170, [43])
(135, [32])
(45, [10])
(49, [11])
(178, [44])
(179, [44, 45])
(180, [45])
(54, [12])
(185, [46])
(60, [13])
(189, [47])
(190, [48])
(63, [14])
(192, [51])
(65, [15])
(66, [15])
(195, [53])
(196, [53])
(197, [54])
(70, [16])
(71, [16])
(194, [52])
(201, [57])
(202, [57])
(76, [17])
(207, [59])
(79, [18, 19])
(209, [60, 61])
(210, [62])
(193, [51])
(90, [20])
(91, [20])
(199, [55, 56])
(96, [21])
(97, [21])
(100, [22])
(101, [22])
(103, [23, 24])
(104, [25])
(105, [26])
(106, [26])
(168, [41, 42])
(204, [58])
(117, [27])
(118, [27])
(191, [49, 50])
(200, [56])
(127, [28])
