(4, [0])
(6, [1])
(8, [2])
(9, [2])
(12, [3, 4])
(16, [5])
(17, [6])
(20, [7])
(22, [8])
(23, [9])
(28, [10])
(30, [11])
(31, [11, 12])
(32, [13])
(33, [13])
(34, [14, 15])
(35, [14, 15])
(36, [16, 17])
(37, [18, 19])
(39, [20, 21])
(40, [21])
(42, [22])
(47, [23])
(49, [24])
(54, [25])
(59, [26])
(60, [26])
(62, [27])
(65, [28])
(66, [29])
(67, [29, 30])
(68, [30, 31, 32])
(74, [33])
(76, [34])
(77, [34])
(85, [35])
(86, [36])
(88, [37])
(91, [38])
(95, [39])
(96, [40])
(100, [41])
(104, [42])
