(0, [0, 1])
(1, [1])
(3, [2])
(8, [3])
(11, [4])
(12, [4, 5])
(13, [6])
(14, [7])
(15, [7, 8])
(16, [8])
(20, [9])
(21, [9])
(26, [10])
(29, [11])
(30, [11])
(42, [12])
(43, [12, 13])
(44, [13])
(47, [14])
(50, [16])
(51, [15, 16, 17, 18])
(52, [18])
(53, [19])
(54, [19])
(55, [20])
(62, [21])
(69, [22])
(79, [23])
(80, [24])
(81, [24])
(84, [25])
(86, [26])
(95, [27])
(96, [28])
(97, [28])
(102, [29])
(103, [29, 30])
(104, [31])
(105, [32])
(106, [32])
(107, [33])
(108, [34])
(109, [34, 35, 36])
(110, [35, 36])
(112, [37])
(113, [37])
(114, [38])
(121, [39])
(122, [39])
