(1, [0])
(130, [34])
(131, [34])
(5, [1])
(135, [36])
(8, [2])
(9, [2])
(11, [3])
(140, [38])
(141, [39])
(15, [4])
(16, [4])
(145, [41])
(18, [5])
(19, [5])
(21, [6])
(152, [43, 44])
(153, [45])
(154, [45])
(155, [46])
(28, [7])
(30, [8])
(133, [35])
(163, [47])
(165, [48])
(40, [9])
(169, [50])
(170, [50])
(43, [10])
(172, [52, 53])
(45, [11])
(177, [55])
(50, [12])
(137, [37])
(57, [13])
(168, [49])
(189, [56])
(190, [57])
(65, [14])
(66, [14])
(67, [15])
(68, [15])
(70, [16])
(71, [17])
(72, [17])
(75, [18])
(143, [40])
(173, [54])
(82, [19])
(83, [19])
(84, [20, 21])
(89, [22])
(90, [22])
(91, [23])
(95, [24])
(96, [25])
(97, [25])
(98, [26])
(99, [26])
(100, [27])
(101, [28])
(171, [51])
(106, [29])
(113, [30])
(117, [31])
(121, [32])
(125, [33])
(126, [33])
(149, [42])
