(1, [0, 1])
(2, [1])
(3, [2])
(214, [58, 59])
(6, [3])
(7, [3])
(8, [4])
(137, [41])
(215, [60])
(194, [53])
(15, [5])
(18, [6])
(19, [6])
(20, [7])
(21, [8])
(22, [8])
(23, [9])
(25, [10])
(156, [42])
(157, [43])
(185, [49])
(159, [44])
(163, [45])
(164, [45])
(198, [54])
(42, [11])
(199, [55])
(45, [12])
(46, [13])
(47, [13])
(50, [14])
(51, [14])
(180, [48])
(53, [15, 16, 17])
(54, [18])
(55, [19])
(56, [20])
(57, [20])
(186, [50, 51])
(61, [21, 22])
(62, [22])
(64, [23])
(65, [23, 24])
(66, [24])
(68, [25])
(69, [25, 26])
(70, [26])
(71, [27, 28])
(74, [29])
(75, [30])
(76, [30])
(78, [31])
(81, [32])
(82, [32])
(193, [52])
(84, [33])
(213, [58])
(86, [34])
(87, [34])
(216, [61])
(92, [35])
(94, [36])
(95, [36, 37])
(98, [38])
(99, [38])
(100, [39])
(101, [39])
(103, [40])
(210, [56])
(174, [47])
(211, [56, 57])
(212, [57])
(170, [46])
