(0, [0])
(2, [1])
(3, [2])
(5, [3])
(6, [3])
(8, [4])
(11, [5])
(13, [6])
(14, [6])
(15, [7])
(16, [8])
(145, [38])
(146, [39])
(19, [9])
(20, [9])
(26, [10])
(29, [11, 12])
(30, [12])
(39, [13])
(41, [14])
(43, [15])
(48, [16])
(49, [16])
(51, [17])
(55, [18])
(58, [19])
(59, [19])
(60, [20])
(130, [37])
(80, [21, 22, 23])
(81, [23])
(82, [24, 25])
(83, [26])
(86, [27])
(88, [28])
(89, [28])
(90, [29])
(91, [29])
(100, [30])
(105, [31])
(147, [40])
(116, [32])
(118, [33])
(119, [34])
(120, [34])
(121, [35, 36])
