(0, [0])
(2, [1])
(3, [1, 2])
(4, [2])
(6, [3])
(8, [4])
(9, [5])
(12, [6])
(13, [6])
(19, [7])
(20, [7])
(22, [8])
(23, [9])
(24, [10])
(25, [11])
(26, [12])
(30, [13])
(31, [14])
(37, [15])
(48, [16])
(50, [17])
(51, [17])
(54, [18])
(55, [19])
(56, [20])
(57, [21, 22])
(58, [22])
(61, [23])
(65, [24])
(66, [25, 26])
(68, [27])
(130, [42])
(76, [28])
(77, [29, 30])
(81, [31])
(82, [31])
(89, [32])
(90, [32])
(91, [33])
(92, [34])
(97, [35])
(98, [35])
(111, [36, 37])
(112, [36, 37])
(120, [38])
(121, [39])
(122, [39, 40])
(123, [40, 41])
