(4, [0, 1])
(140, [35])
(13, [2])
(14, [2])
(15, [3])
(167, [41])
(196, [49])
(153, [38])
(24, [4])
(132, [34])
(157, [39])
(197, [49])
(162, [40])
(35, [5])
(38, [6])
(39, [6, 7])
(168, [41])
(44, [8, 9])
(142, [36])
(47, [10, 11])
(48, [11])
(50, [12])
(53, [13])
(54, [13, 14])
(55, [15])
(56, [16])
(185, [43])
(187, [44])
(60, [17])
(61, [17])
(62, [18, 19])
(63, [18, 19])
(192, [47])
(193, [48])
(66, [20])
(67, [21, 22])
(68, [22])
(182, [42])
(74, [23])
(183, [42])
(77, [24])
(207, [50])
(79, [25])
(80, [26])
(83, [27])
(84, [28])
(85, [28, 29])
(86, [30])
(143, [37])
(96, [31])
(97, [31])
(99, [32])
(188, [45])
(107, [33])
(208, [51])
(191, [46])
