(0, [0])
(1, [0, 1])
(2, [1])
(3, [2])
(4, [2])
(5, [3, 4])
(9, [5])
(10, [6])
(11, [7, 8])
(12, [8])
(15, [9])
(16, [9, 10])
(17, [10])
(21, [11])
(22, [11])
(32, [12])
(34, [13])
(35, [14])
(38, [15])
(39, [15, 16])
(47, [17])
(48, [18])
(49, [19])
(51, [20])
(52, [20])
(66, [21])
(67, [21])
(71, [22])
(73, [23])
(74, [24, 25])
(75, [25])
(76, [26, 27])
(77, [28])
(78, [29])
(79, [30])
(92, [31])
(98, [32])
(99, [32])
(100, [33])
(107, [34])
(108, [34])
(113, [35])
(114, [35])
(116, [36, 37])
(121, [38])
(122, [38])
