(1, [0])
(130, [31])
(132, [32, 33])
(5, [1])
(6, [1, 2])
(193, [49, 50])
(136, [34, 35])
(139, [36, 37])
(12, [3])
(14, [4, 5])
(15, [5])
(17, [6])
(148, [40])
(21, [7])
(23, [8])
(24, [8, 9])
(25, [10])
(154, [41])
(155, [42])
(29, [11])
(35, [12, 13])
(165, [43])
(166, [43])
(41, [14])
(175, [44])
(50, [15])
(54, [16])
(55, [17])
(184, [45])
(58, [18])
(187, [48])
(61, [19])
(62, [19])
(63, [20])
(65, [21])
(195, [51])
(196, [52])
(74, [22])
(75, [22, 23])
(76, [23])
(142, [38])
(89, [24])
(186, [46, 47])
(95, [25])
(100, [26])
(145, [39])
(120, [27, 28])
(121, [28])
(125, [29])
(127, [30])
