(0, [0])
(5, [1])
(6, [2])
(9, [3])
(15, [4])
(24, [5])
(25, [6])
(26, [6])
(35, [7])
(36, [7])
(38, [8])
(39, [8, 9])
(45, [10])
(46, [10])
(47, [11])
(50, [12])
(57, [13])
(59, [14])
(62, [15])
(63, [15])
(64, [16])
(68, [17])
(69, [17])
(70, [18])
(71, [19])
(72, [20])
(73, [20])
(74, [21])
(75, [22])
(83, [23])
(88, [24])
(92, [25])
(94, [26])
(95, [26])
(102, [27])
(106, [28, 29])
(107, [28, 29])
(110, [30])
(111, [30])
(112, [31])
(113, [32, 33])
(114, [34])
(116, [35])
(117, [35])
(118, [36])
(122, [37])
(127, [38])
(128, [39])
(129, [39])
(143, [40])
(148, [41])
(149, [41, 42])
(153, [43, 44])
(154, [45])
(159, [46])
(168, [47])
(169, [48])
(170, [48])
(172, [49])
(178, [50])
(183, [51])
(187, [52])
(188, [53])
(194, [54])
(203, [55])
(207, [56, 57])
(208, [58])
(209, [58])
(210, [59])
(213, [60])
(214, [61])
(218, [62])
(219, [62])
(220, [63])
(222, [64])
(223, [64, 65])
(224, [65])
(227, [66])
(229, [67])
(230, [67])
(234, [68])
(235, [69])
(238, [70])
(243, [71])
(244, [72])
(249, [73])
(251, [74])
(255, [75])
(257, [76])
(258, [76])
(261, [77, 78])
(262, [78])
(271, [79])
(281, [80])
(286, [81])
(287, [81])
(298, [82])
(301, [83])
(302, [83, 84])
(303, [84])
(306, [85])
(309, [86])
(310, [86])
(315, [87])
(317, [88])
(318, [88])
(321, [89])
(329, [90])
(331, [91, 92])
(332, [93])
(335, [94])
(336, [95])
(345, [96])
(347, [97])
(360, [98])
(361, [99])
