(0, [0])
(129, [46])
(2, [1, 2, 3, 4])
(131, [47])
(132, [47])
(134, [48])
(135, [49])
(138, [50])
(140, [51, 52])
(13, [5])
(14, [6, 7])
(15, [7])
(16, [8])
(146, [55])
(147, [55])
(148, [56])
(21, [9])
(22, [10])
(151, [58])
(152, [59])
(153, [59])
(26, [11, 12])
(149, [57])
(154, [60])
(31, [13, 14])
(32, [13, 14])
(161, [63])
(197, [73])
(35, [15])
(36, [16])
(37, [17])
(38, [17])
(167, [65])
(40, [18])
(41, [18])
(43, [19])
(44, [20])
(173, [66])
(157, [62])
(177, [67])
(178, [67])
(56, [21])
(57, [21])
(186, [69])
(61, [22, 23])
(62, [24, 25])
(63, [25])
(160, [63])
(195, [71, 72])
(196, [73])
(69, [26])
(198, [74])
(72, [27, 28])
(204, [75])
(205, [76])
(78, [29])
(79, [30])
(80, [30])
(184, [68])
(156, [61])
(163, [64])
(86, [31])
(87, [31])
(90, [32])
(91, [32, 33])
(92, [33, 34])
(93, [34])
(144, [53, 54])
(99, [35])
(100, [36])
(101, [36, 37])
(102, [37])
(166, [65])
(190, [70])
(119, [38])
(121, [39])
(122, [40])
(123, [41])
(124, [41])
(125, [42])
(126, [43, 44])
(127, [45])
