(0, [0])
(2, [1])
(3, [2])
(132, [44])
(5, [3])
(7, [4])
(138, [45])
(143, [46])
(144, [47])
(216, [71, 72, 73])
(147, [48])
(148, [48])
(149, [49])
(151, [50])
(186, [63])
(184, [62])
(158, [51])
(163, [52])
(164, [53])
(169, [54])
(193, [67])
(172, [55])
(173, [56])
(174, [56])
(177, [57])
(50, [5])
(179, [58])
(52, [6])
(53, [6])
(54, [7])
(55, [8])
(56, [8, 9])
(180, [59])
(58, [10])
(59, [11])
(60, [12])
(189, [64])
(190, [65, 66])
(181, [60])
(65, [13])
(66, [13])
(185, [63])
(68, [14])
(182, [60])
(71, [15])
(72, [15])
(183, [61])
(204, [68])
(206, [69])
(79, [16])
(80, [17])
(81, [17])
(82, [18])
(83, [18, 19])
(84, [20, 21])
(213, [70])
(86, [22])
(87, [22, 23])
(88, [23])
(89, [24])
(90, [24])
(219, [74])
(92, [25])
(93, [25, 26])
(101, [27])
(102, [28, 29])
(103, [30])
(104, [30])
(188, [64])
(106, [31])
(108, [32])
(111, [33])
(114, [34])
(115, [35])
(116, [35])
(117, [36])
(118, [37])
(119, [38, 39])
(120, [40])
(121, [40])
(126, [41])
(127, [42, 43])
