(130, [40])
(179, [50])
(133, [41])
(134, [41])
(135, [42])
(9, [0])
(138, [43])
(11, [1])
(142, [45])
(143, [45])
(21, [2])
(23, [3, 4])
(25, [5])
(26, [6])
(27, [7])
(28, [7])
(29, [8])
(32, [9])
(193, [53])
(34, [10])
(35, [11])
(139, [44])
(166, [49])
(167, [49])
(41, [12])
(42, [12, 13])
(44, [14])
(51, [15, 16])
(52, [17])
(55, [18])
(180, [50])
(188, [51])
(189, [52])
(192, [53])
(160, [46])
(67, [19])
(69, [20])
(72, [21])
(162, [47])
(80, [22])
(81, [22, 23])
(163, [48])
(84, [24])
(85, [24])
(215, [55])
(217, [56])
(218, [57])
(93, [25, 26, 27, 28])
(94, [28])
(223, [58])
(96, [29])
(97, [30])
(98, [31, 32])
(102, [33])
(103, [34, 35])
(105, [36])
(106, [37])
(241, [59])
(211, [54])
(120, [38])
(121, [38])
(123, [39])
