(1, [0, 1])
(2, [2])
(4, [3])
(5, [3])
(6, [4])
(8, [5])
(9, [5])
(10, [6])
(11, [6])
(14, [7])
(15, [8, 9])
(18, [10])
(20, [11])
(22, [12])
(23, [13])
(25, [14])
(26, [14])
(33, [15])
(38, [16])
(40, [17])
(41, [17])
(43, [18])
(47, [19])
(52, [20])
(53, [20])
(54, [21, 22])
(58, [23])
(60, [24])
(61, [24])
(62, [25])
(65, [26, 27])
(67, [28])
(68, [28])
(69, [29])
(70, [29, 30])
(71, [31])
(72, [31])
(75, [32, 33])
(76, [32, 33])
(78, [34])
(79, [34])
(90, [35])
(91, [36])
(92, [37])
(93, [37])
(96, [38])
(98, [39])
(99, [40])
(103, [41])
(104, [42])
(105, [43])
(106, [43])
(107, [44])
