(149, [34])
(1, [0])
(3, [1])
(132, [30])
(179, [42])
(134, [31])
(9, [2])
(139, [32])
(13, [3])
(142, [33])
(20, [4])
(21, [5])
(22, [5])
(154, [35])
(239, [57, 58])
(157, [36, 37])
(158, [38])
(197, [47])
(161, [39])
(162, [39, 40])
(163, [40])
(165, [41])
(166, [41])
(50, [6])
(51, [6])
(181, [43])
(54, [7, 8])
(55, [7, 8])
(186, [45])
(62, [9])
(191, [46])
(65, [10])
(66, [10])
(196, [47])
(182, [43, 44])
(225, [49])
(80, [11])
(81, [11])
(82, [12])
(83, [12])
(84, [13, 14, 15, 16])
(89, [17])
(90, [18])
(221, [48])
(222, [48])
(95, [19])
(96, [20])
(97, [21])
(226, [49])
(227, [50, 51, 52])
(228, [52])
(229, [53])
(231, [54])
(232, [54, 55])
(105, [22])
(106, [22, 23])
(107, [23, 24])
(108, [24])
(238, [56])
(111, [25])
(114, [26])
(243, [59])
(119, [27])
(148, [34])
(126, [28])
(127, [29])
