(129, [27])
(3, [0])
(4, [1])
(5, [1])
(6, [2, 3])
(7, [4])
(8, [5])
(10, [6])
(11, [6, 7])
(12, [7])
(141, [33])
(173, [37])
(147, [34])
(174, [37])
(23, [8])
(25, [9])
(26, [10])
(27, [10])
(29, [11])
(30, [11])
(133, [28])
(33, [12])
(34, [12])
(36, [13])
(37, [13])
(166, [35])
(167, [36])
(168, [36])
(135, [29, 30])
(45, [14])
(46, [14])
(47, [15])
(48, [15])
(136, [30])
(179, [38])
(180, [38])
(53, [16])
(54, [17])
(55, [17])
(58, [18])
(59, [19])
(138, [31])
(134, [29])
(181, [39])
(194, [42])
(139, [32])
(197, [43])
(198, [43])
(140, [33])
(206, [44, 45])
(82, [20])
(214, [46])
(87, [21])
(216, [47])
(217, [47, 48])
(218, [48])
(224, [49])
(98, [22])
(228, [50])
(230, [51])
(195, [42])
(231, [51])
(189, [40, 41])
(113, [23])
(123, [24])
(125, [25])
(126, [26])
(127, [26])
