(0, [0])
(3, [1])
(4, [2])
(13, [3, 4])
(16, [5])
(17, [5, 6])
(18, [7])
(20, [8, 9])
(21, [10])
(30, [11, 12])
(31, [13])
(38, [14])
(40, [15])
(43, [16, 17])
(44, [16, 17])
(45, [18, 19])
(56, [20])
(57, [21])
(58, [21])
(59, [22])
(61, [23])
(62, [23])
(63, [24])
(66, [25])
(67, [25])
(68, [26])
(69, [27, 28])
(70, [28])
(71, [29])
(80, [30])
(85, [31])
(91, [32])
(92, [32])
(98, [33])
(99, [33])
(105, [34])
(109, [35])
(110, [36, 37])
(111, [37])
(113, [38])
(114, [38])
(115, [39])
(116, [39])
(122, [40])
(123, [40])
