(128, [28])
(1, [0])
(2, [0])
(3, [1])
(133, [30])
(129, [28])
(8, [2])
(141, [32])
(142, [33, 34])
(152, [35])
(131, [29])
(21, [3])
(22, [3])
(23, [4])
(24, [4, 5])
(25, [6])
(155, [36])
(157, [37])
(158, [37])
(32, [7, 8])
(33, [9])
(34, [9])
(43, [10, 11, 12])
(44, [12])
(46, [13])
(51, [14])
(52, [15])
(58, [16])
(59, [16])
(202, [42])
(190, [39])
(63, [17])
(192, [40])
(66, [18])
(67, [18])
(70, [19])
(72, [20])
(74, [21])
(204, [43])
(162, [38])
(206, [44])
(205, [44])
(211, [45])
(153, [35])
(135, [31])
(101, [22])
(195, [41])
(113, [23])
(118, [24, 25])
(120, [26])
(121, [27])
