(129, [28])
(6, [0])
(137, [29])
(10, [1])
(139, [30, 31])
(192, [46])
(141, [32])
(142, [32])
(19, [2])
(20, [2])
(151, [33])
(27, [3])
(28, [3])
(29, [4])
(30, [4])
(160, [35])
(33, [5])
(34, [5])
(165, [37])
(166, [37])
(40, [6])
(157, [34])
(177, [38])
(50, [7])
(179, [39])
(180, [39])
(158, [34])
(182, [41])
(201, [48, 49])
(186, [42])
(59, [8])
(60, [9])
(189, [44])
(190, [45])
(181, [40])
(64, [10])
(65, [10])
(68, [11])
(69, [11])
(198, [47])
(161, [36])
(72, [12])
(73, [12, 13])
(74, [13, 14])
(203, [50])
(204, [50])
(83, [15])
(84, [15, 16])
(85, [16])
(90, [17])
(91, [17])
(100, [18])
(101, [18, 19])
(102, [19])
(188, [43])
(108, [20])
(191, [46])
(111, [21])
(115, [22])
(116, [23])
(119, [24])
(120, [25])
(123, [26])
(200, [48, 49])
(125, [27])
