(0, [0])
(2, [1])
(3, [1])
(4, [2])
(6, [3])
(7, [4])
(8, [5])
(9, [5])
(144, [37])
(17, [6, 7, 8])
(19, [9])
(174, [43])
(150, [38])
(152, [39])
(153, [39])
(184, [45])
(159, [40])
(161, [41])
(162, [41])
(38, [10])
(41, [11])
(42, [12])
(171, [42])
(44, [13, 14])
(45, [15, 16])
(46, [16])
(47, [17])
(180, [44])
(54, [18])
(55, [19])
(56, [20])
(65, [21])
(66, [22])
(195, [46])
(68, [23])
(69, [23])
(73, [24])
(74, [24])
(81, [25])
(82, [26])
(84, [27])
(85, [28])
(214, [48])
(89, [29])
(92, [30])
(95, [31])
(96, [31])
(229, [49])
(196, [47])
(111, [32])
(117, [33])
(122, [34])
(124, [35])
(125, [36])
(126, [36])
