(130, [28])
(131, [29])
(5, [0])
(7, [1])
(136, [30])
(138, [31])
(13, [2])
(143, [32])
(17, [3])
(146, [33])
(259, [60])
(153, [34])
(24, [4])
(25, [5])
(26, [5])
(158, [35])
(161, [36, 37])
(162, [38])
(165, [39])
(166, [39, 40])
(167, [40])
(169, [41])
(170, [41])
(243, [57, 58])
(186, [43, 44])
(54, [6])
(55, [6])
(185, [43])
(58, [7, 8])
(59, [7, 8])
(190, [45])
(66, [9])
(195, [46])
(69, [10])
(70, [10])
(200, [47])
(201, [47])
(183, [42])
(84, [11])
(85, [11])
(86, [12])
(87, [12])
(88, [13, 14, 15, 16])
(152, [34])
(93, [17])
(94, [18])
(229, [49])
(225, [48])
(226, [48])
(99, [19])
(100, [20])
(101, [21])
(230, [49])
(231, [50, 51, 52])
(232, [52])
(233, [53])
(235, [54])
(236, [54, 55])
(109, [22])
(110, [22, 23])
(111, [23, 24])
(112, [24])
(242, [56])
(115, [25])
(118, [26])
(247, [59])
(123, [27])
