(2, [0])
(131, [35])
(132, [36])
(134, [37])
(10, [1])
(13, [2])
(242, [65])
(144, [38])
(147, [39])
(148, [39])
(154, [40])
(155, [41])
(156, [41])
(29, [3])
(158, [42])
(159, [42])
(162, [43])
(163, [43])
(164, [44])
(37, [4])
(40, [5])
(41, [5, 6])
(170, [45])
(171, [45])
(44, [7])
(45, [8])
(175, [46])
(243, [66])
(202, [49])
(58, [9])
(59, [9])
(60, [10])
(61, [11])
(65, [12])
(69, [13])
(198, [47, 48])
(71, [14])
(73, [15])
(74, [15])
(76, [16])
(77, [16, 17, 18])
(206, [50])
(207, [51])
(208, [52])
(209, [52])
(227, [58])
(84, [19])
(85, [19])
(89, [20])
(218, [55])
(91, [21])
(93, [22])
(222, [56])
(165, [44])
(224, [57])
(98, [23])
(99, [24])
(228, [58])
(229, [59])
(104, [25])
(233, [60, 61])
(107, [26, 27])
(236, [62])
(238, [63])
(239, [64])
(112, [28])
(113, [28])
(114, [29])
(115, [30])
(119, [31])
(120, [32])
(212, [53])
(122, [33])
(124, [34])
(213, [54])
