(2, [0])
(3, [1])
(4, [1, 2])
(5, [3, 4])
(6, [4])
(8, [5])
(137, [45])
(139, [46])
(13, [6])
(16, [7])
(17, [7, 8])
(18, [9])
(19, [10])
(20, [10, 11])
(21, [11])
(25, [12])
(26, [12])
(31, [13])
(133, [43, 44])
(34, [14])
(35, [14])
(134, [44])
(47, [15])
(48, [15, 16])
(49, [16])
(52, [17])
(55, [19])
(56, [18, 19, 20, 21])
(57, [21])
(58, [22])
(59, [22])
(60, [23])
(67, [24])
(74, [25])
(84, [26])
(85, [27])
(86, [27])
(89, [28])
(91, [29])
(100, [30])
(101, [31])
(102, [31])
(107, [32])
(108, [32, 33])
(109, [34])
(110, [35])
(111, [35])
(112, [36])
(113, [37])
(114, [37, 38, 39])
(115, [38, 39])
(117, [40])
(118, [40])
(119, [41])
(136, [45])
(126, [42])
(127, [42])
