(149, [45])
(1, [0])
(2, [0])
(131, [39, 40])
(132, [40])
(150, [45, 46])
(6, [1])
(7, [2, 3])
(8, [3, 4])
(9, [4])
(138, [41])
(11, [5])
(13, [6])
(17, [7, 8])
(18, [8])
(195, [54])
(20, [9])
(21, [9])
(22, [10, 11])
(23, [11])
(152, [47])
(196, [54, 55])
(28, [12])
(29, [12])
(30, [13])
(214, [61, 62])
(191, [52])
(163, [48])
(164, [48])
(198, [56])
(41, [14])
(42, [15])
(43, [15])
(44, [16])
(151, [46])
(223, [63])
(52, [17])
(137, [41])
(184, [49, 50])
(185, [50])
(59, [18])
(60, [18])
(189, [51])
(62, [19])
(63, [19])
(192, [52])
(193, [53])
(194, [53])
(67, [20])
(68, [21])
(70, [22])
(71, [22, 23])
(72, [23])
(74, [24])
(183, [49])
(207, [58])
(208, [58])
(82, [25])
(211, [59])
(84, [26])
(213, [60])
(86, [27])
(215, [62])
(199, [56])
(130, [39])
(224, [63])
(97, [28, 29])
(148, [44])
(212, [60])
(101, [30])
(145, [42, 43])
(106, [31])
(108, [32])
(146, [43])
(202, [57])
(121, [33])
(123, [34])
(124, [35, 36])
(125, [36])
(126, [37])
(127, [38])
