(214, [49])
(6, [0])
(137, [40])
(138, [40])
(140, [41])
(15, [1])
(195, [43])
(20, [2, 3])
(238, [54])
(22, [4])
(23, [5])
(225, [52])
(196, [43])
(197, [44])
(32, [6])
(41, [7])
(42, [8])
(43, [9])
(44, [10])
(45, [10])
(46, [11])
(47, [11])
(51, [12])
(55, [13])
(57, [14])
(59, [15])
(60, [15])
(63, [16])
(64, [16])
(66, [17])
(67, [18])
(68, [18])
(69, [19])
(199, [45])
(200, [45])
(201, [46])
(204, [47])
(77, [20, 21])
(78, [21])
(79, [22, 23])
(228, [53])
(85, [24])
(86, [25])
(87, [25])
(216, [50])
(89, [26])
(90, [26])
(207, [48])
(92, [27, 28])
(223, [51])
(224, [51])
(97, [29])
(98, [29, 30])
(99, [31])
(100, [32])
(102, [33])
(148, [42])
(109, [34, 35])
(110, [35])
(111, [36])
(242, [55])
(243, [55])
(244, [56, 57])
(245, [58])
(121, [37])
(217, [50])
(125, [38, 39])
(126, [39])
(213, [49])
