(0, [0])
(1, [0])
(3, [1])
(4, [1])
(5, [2])
(129, [41])
(136, [42])
(137, [42])
(128, [41])
(151, [47])
(12, [3])
(141, [43, 44])
(15, [4, 5])
(17, [6])
(18, [6])
(149, [46])
(22, [7])
(23, [8])
(24, [9])
(27, [10])
(28, [11])
(158, [48])
(32, [12, 13])
(34, [14])
(36, [15, 16])
(37, [17])
(41, [18])
(42, [18])
(43, [19])
(44, [19, 20])
(45, [20])
(47, [21])
(48, [22])
(49, [22])
(51, [23])
(162, [49])
(55, [24])
(69, [25])
(70, [25])
(77, [26])
(145, [45])
(82, [27])
(83, [27])
(170, [50])
(96, [28, 29])
(99, [30])
(100, [30])
(101, [31])
(103, [32, 33])
(104, [34])
(106, [35])
(108, [36])
(109, [37])
(114, [38])
(169, [50])
(124, [39])
(125, [40])
