(129, [33])
(2, [0])
(235, [57])
(4, [1])
(5, [2])
(6, [2])
(141, [34])
(142, [34, 35])
(17, [3])
(18, [4])
(252, [62])
(20, [5])
(149, [37])
(22, [6])
(185, [48])
(201, [50])
(29, [7])
(150, [37])
(160, [38])
(161, [38])
(163, [39])
(164, [40])
(37, [8])
(166, [41])
(39, [9])
(40, [9])
(170, [43])
(44, [10])
(240, [59])
(46, [11])
(175, [44])
(176, [44])
(51, [12])
(52, [12])
(53, [13])
(55, [14])
(184, [46, 47])
(180, [45])
(227, [55])
(197, [49])
(70, [15])
(73, [16, 17])
(74, [16, 17])
(183, [46])
(204, [51])
(226, [54])
(78, [18])
(79, [18, 19])
(80, [19])
(81, [20])
(82, [20])
(83, [21])
(87, [22])
(88, [23])
(89, [23])
(207, [52])
(250, [61])
(208, [52])
(98, [24])
(99, [25])
(100, [26])
(145, [36])
(233, [56])
(234, [56])
(107, [27])
(146, [36])
(238, [58])
(217, [53])
(168, [42])
(245, [60])
(119, [28])
(120, [29])
(121, [29])
(122, [30])
(123, [30])
(124, [31])
(125, [31])
(126, [32])
(127, [32])
