(7, [0])
(8, [0])
(16, [1])
(17, [2])
(23, [3, 4])
(25, [5])
(26, [5])
(27, [6])
(28, [6])
(34, [7])
(35, [7])
(36, [8])
(37, [8])
(43, [9])
(44, [9])
(46, [10])
(47, [11])
(60, [12])
(62, [13])
(65, [14])
(69, [15])
(73, [16])
(74, [16, 17])
(75, [17])
(82, [18])
(90, [19])
(91, [19, 20])
(92, [20])
(93, [21])
(94, [21])
(96, [22])
(104, [23])
(106, [24])
(109, [25])
(111, [26])
(112, [26, 27])
(113, [28])
(117, [29])
(118, [29])
(119, [30])
(122, [31])
(123, [31])
(124, [32, 33])
(125, [33])
(129, [34])
(130, [34])
(131, [35])
(134, [36])
(136, [37])
(153, [38, 39])
(154, [39])
(155, [40])
(156, [40])
(157, [41])
(161, [42, 43])
(162, [43])
(163, [44])
(164, [45])
(165, [45])
(166, [46])
(167, [46])
(171, [47])
(172, [48])
(173, [48])
(175, [49])
(176, [49])
(177, [50])
(183, [51, 52, 53])
(184, [53, 54])
(185, [54])
(187, [55])
(188, [56])
(189, [56])
(193, [57])
(194, [58])
(200, [59])
(201, [60])
(202, [61])
(203, [61])
(206, [62, 63])
(207, [64, 65])
(208, [65])
(209, [66, 67])
(210, [67])
(215, [68])
(216, [69])
(217, [69, 70])
(218, [71])
(220, [72])
(223, [73])
(224, [73])
(226, [74])
(228, [75])
(230, [76])
(232, [77])
(234, [78])
(235, [78])
(236, [79])
(237, [79])
(252, [80])
(253, [81])
(255, [82])
(256, [82, 83, 84])
(257, [84])
