(129, [36])
(6, [0, 1])
(7, [0, 1])
(136, [37])
(215, [58, 59])
(13, [2, 3])
(14, [4, 5])
(15, [6])
(16, [6])
(17, [7])
(18, [8])
(19, [9])
(20, [9])
(149, [41])
(150, [41])
(25, [10])
(26, [10])
(155, [43])
(29, [11])
(185, [47])
(160, [44])
(219, [64])
(41, [12])
(42, [12])
(199, [50])
(48, [13])
(49, [13])
(179, [45])
(52, [14, 15])
(181, [46])
(182, [46])
(56, [16])
(57, [16])
(186, [48])
(59, [17])
(60, [17, 18])
(66, [19])
(67, [19])
(68, [20])
(69, [20])
(70, [21])
(71, [21])
(194, [49])
(201, [51])
(76, [22])
(205, [52])
(78, [23])
(141, [38])
(208, [54])
(222, [66])
(210, [55])
(220, [65])
(206, [53])
(214, [57])
(87, [24, 25])
(216, [60])
(217, [61, 62])
(218, [63, 64])
(91, [26])
(92, [26, 27])
(94, [28])
(95, [29])
(96, [30])
(97, [31])
(226, [67])
(101, [32])
(102, [32])
(145, [39])
(104, [33])
(146, [39, 40])
(154, [42, 43])
(204, [52])
(118, [34])
(119, [34])
(122, [35])
(213, [56])
