(6, [0])
(9, [1])
(10, [2])
(16, [3, 4])
(17, [5])
(22, [6])
(23, [7])
(24, [7])
(38, [8])
(40, [9])
(41, [10])
(42, [10, 11])
(48, [12])
(53, [13])
(54, [13, 14])
(57, [15, 16, 17, 18])
(58, [18])
(60, [19])
(61, [20])
(62, [21])
(63, [22])
(64, [22])
(65, [23])
(66, [24, 25])
(68, [26])
(71, [27])
(72, [27])
(74, [28])
(75, [29])
(76, [30])
(77, [30])
(83, [31])
(86, [32, 33])
(87, [34])
(89, [35])
(90, [36, 37])
(91, [38, 39])
(92, [40])
(95, [41])
(96, [41])
(100, [42])
(102, [43])
(103, [44, 45])
(105, [46, 47])
(106, [47])
(110, [48, 49])
(111, [48, 49])
(114, [50, 51])
(116, [52])
(118, [53])
(119, [53])
(121, [54])
(122, [54, 55])
(126, [56])
(127, [56, 57])
(128, [57, 58])
(129, [59])
(142, [60])
(143, [60])
(144, [61])
(145, [61])
(148, [62])
(149, [63])
(159, [64, 65])
(160, [66, 67])
(161, [68])
(162, [68])
(164, [69])
(168, [70, 71])
(169, [71])
(170, [72])
(173, [73])
(174, [73])
(176, [74])
(177, [75, 76, 77])
(178, [77])
(179, [78, 79])
(180, [79])
(188, [80])
(189, [80])
(194, [81])
(195, [82, 83])
(197, [84, 85])
(198, [86])
(199, [86, 87])
(200, [87])
(201, [88])
(203, [89, 90])
(204, [91])
(205, [92])
(207, [93])
(209, [94, 95])
(211, [96, 97])
(212, [97])
(213, [98])
(214, [98])
(217, [99])
(220, [100])
(221, [100])
(222, [101])
(223, [101])
(224, [102])
(225, [103])
(227, [104, 105])
