(5, [0])
(10, [1])
(11, [1, 2])
(14, [3])
(15, [3])
(16, [4])
(19, [5])
(21, [6])
(22, [6])
(26, [7])
(27, [8])
(28, [9])
(33, [10])
(35, [11])
(36, [11])
(42, [12])
(43, [12])
(46, [13])
(54, [14])
(55, [15])
(56, [15])
(59, [16])
(60, [17])
(77, [18])
(79, [19])
(80, [19, 20])
(81, [20])
(84, [21])
(85, [22, 23])
(86, [23])
(93, [24])
(94, [24])
(95, [25])
(96, [26])
(98, [27])
(100, [28])
(101, [29])
(103, [30])
(104, [30])
(105, [31])
(106, [31])
(108, [32, 33])
(109, [34, 35])
(110, [35])
(113, [36])
(114, [37])
(122, [38])
(123, [39])
(129, [40])
(130, [41])
(132, [42])
(134, [43])
(135, [43, 44])
(136, [44])
(139, [45])
(141, [46])
(142, [47])
(144, [48, 49])
(145, [49, 50])
(146, [50])
(147, [51])
(148, [51])
(149, [52])
(150, [53])
(151, [54, 55])
(156, [56])
(157, [57])
(161, [58, 59])
(168, [60])
(169, [60, 61, 62])
(170, [62])
(173, [63])
(180, [64])
(182, [65])
(183, [65, 66])
(184, [66])
(188, [67])
(192, [68])
(197, [69])
(198, [70])
(200, [71])
(201, [72])
(203, [73])
(205, [74])
(206, [74])
(213, [75])
(214, [76])
(215, [77])
(220, [78])
(222, [79])
(223, [79])
(228, [80])
(229, [80])
(236, [81])
(237, [82, 83])
(242, [84])
(243, [85])
(244, [85])
(249, [86])
(250, [86, 87])
(251, [87])
