(256, [65])
(132, [35])
(133, [36])
(135, [37])
(10, [0])
(141, [39])
(14, [1, 2])
(15, [2])
(16, [3])
(19, [4])
(148, [42, 43])
(21, [5])
(202, [53])
(154, [44])
(28, [6])
(167, [45])
(168, [46, 47])
(169, [46, 47])
(45, [7])
(174, [48])
(52, [8])
(181, [49, 50])
(54, [9])
(56, [10])
(223, [54, 55])
(138, [38])
(62, [11])
(63, [12])
(224, [55])
(195, [52])
(227, [56])
(69, [13])
(70, [13, 14])
(71, [15])
(72, [16])
(73, [16])
(74, [17])
(76, [18])
(77, [19])
(81, [20])
(83, [21])
(89, [22])
(90, [22])
(182, [51])
(95, [23])
(96, [24])
(97, [25, 26])
(98, [26])
(99, [27])
(228, [57, 58])
(101, [28])
(102, [29])
(233, [59])
(144, [40])
(229, [58])
(113, [30])
(147, [41])
(245, [60])
(246, [60, 61])
(119, [31])
(120, [32, 33])
(250, [62])
(123, [34])
(252, [63])
(234, [59])
(254, [64])
(149, [43])
