(0, [0])
(1, [0])
(2, [1])
(3, [1])
(4, [2])
(5, [2, 3])
(7, [4])
(8, [5])
(10, [6])
(12, [7])
(55, [8])
(57, [9])
(58, [9])
(59, [10])
(60, [11])
(61, [11, 12])
(63, [13])
(64, [14])
(65, [15])
(70, [16])
(71, [16])
(73, [17])
(76, [18])
(77, [18])
(84, [19])
(85, [20])
(86, [20])
(87, [21])
(88, [21, 22])
(89, [23, 24])
(91, [25])
(92, [25, 26])
(93, [26])
(94, [27])
(95, [27])
(97, [28])
(98, [28, 29])
(106, [30])
(107, [31, 32])
(108, [33])
(109, [33])
(111, [34])
(113, [35])
(116, [36])
(119, [37])
(120, [38])
(121, [38])
(122, [39])
(123, [40])
(124, [41, 42])
(125, [43])
(126, [43])
(131, [44])
(132, [45, 46])
(137, [47])
(143, [48])
(148, [49])
(149, [50])
(152, [51])
(153, [51])
(154, [52])
(156, [53])
(163, [54])
(168, [55])
(169, [56])
(174, [57])
(177, [58])
(178, [59])
(179, [59])
(182, [60])
(184, [61])
(185, [62])
(186, [63])
(187, [63])
(188, [64])
(189, [65])
(190, [66])
(191, [66])
(193, [67])
(194, [67])
(195, [68, 69])
(198, [70])
(209, [71])
(211, [72])
(218, [73])
(221, [74, 75, 76])
(224, [77])
