(130, [38])
(131, [38])
(132, [39, 40])
(133, [40])
(193, [57])
(137, [41])
(236, [68])
(11, [0])
(12, [0])
(13, [1])
(14, [2])
(15, [3])
(16, [4])
(195, [59])
(21, [5])
(22, [5])
(217, [66])
(152, [44])
(153, [45])
(154, [45])
(155, [46])
(156, [47])
(157, [48])
(158, [48, 49])
(159, [50, 51])
(160, [51])
(33, [6])
(162, [52])
(163, [53])
(164, [53])
(214, [64, 65])
(40, [7])
(41, [7, 8])
(42, [8])
(199, [60])
(46, [9])
(47, [9, 10])
(48, [11])
(49, [11])
(52, [12])
(181, [55])
(54, [13])
(55, [13, 14])
(58, [15])
(59, [16])
(188, [56])
(62, [17])
(63, [17, 18])
(192, [57])
(65, [19])
(194, [58, 59])
(67, [20])
(198, [60])
(71, [21])
(72, [22])
(75, [23])
(204, [61])
(207, [62])
(80, [24])
(81, [24])
(211, [63])
(139, [42])
(86, [25])
(215, [65])
(89, [26, 27])
(90, [28])
(94, [29])
(95, [29])
(144, [43])
(187, [56])
(104, [30])
(161, [52])
(106, [31])
(107, [32])
(108, [32])
(110, [33])
(225, [67])
(112, [34])
(113, [35])
(239, [69])
(116, [36])
(121, [37])
(122, [37])
(170, [54])
