(0, [0])
(1, [0, 1])
(131, [25])
(132, [25])
(214, [50])
(207, [46])
(139, [26])
(140, [27])
(13, [2])
(14, [3])
(143, [28])
(144, [28])
(145, [29])
(205, [45])
(196, [43])
(153, [30])
(155, [31])
(218, [51])
(31, [4])
(160, [32])
(161, [32])
(219, [51])
(170, [33, 34])
(171, [33, 34])
(172, [35])
(46, [5])
(47, [5, 6])
(48, [6])
(53, [7])
(54, [7])
(184, [39])
(185, [40])
(188, [41])
(192, [42])
(63, [8])
(64, [9])
(181, [38])
(66, [10])
(68, [11])
(182, [38])
(72, [12])
(201, [44])
(202, [44])
(175, [36])
(204, [45])
(77, [13])
(78, [14])
(79, [14, 15, 16])
(208, [47])
(210, [48, 49])
(83, [17])
(84, [17])
(85, [18])
(86, [19])
(87, [19])
(176, [36, 37])
(90, [20])
(91, [20])
(98, [21])
(102, [22])
(103, [23])
(104, [23])
(206, [46])
(191, [42])
(124, [24])
(125, [24])
