(256, [60])
(129, [38])
(130, [38])
(263, [61])
(9, [0])
(10, [1])
(152, [40])
(188, [49])
(24, [2])
(25, [2])
(265, [62])
(36, [3, 4])
(37, [5])
(167, [41, 42])
(168, [42])
(169, [43])
(42, [6])
(44, [7, 8])
(45, [8])
(46, [9])
(47, [10])
(49, [11])
(50, [11])
(179, [44, 45])
(52, [12])
(54, [13])
(55, [14])
(184, [46])
(180, [45])
(186, [48])
(59, [15])
(60, [16])
(62, [17])
(63, [18])
(192, [51])
(193, [52])
(194, [52])
(195, [53])
(196, [53])
(69, [19])
(70, [19])
(200, [54])
(203, [55])
(81, [20])
(220, [57])
(213, [56])
(185, [47])
(90, [21, 22, 23])
(91, [23])
(92, [24])
(93, [24])
(137, [39])
(97, [25])
(226, [58])
(187, [48])
(102, [26])
(103, [26])
(105, [27])
(107, [28, 29])
(113, [30])
(114, [30])
(190, [50])
(118, [31])
(248, [59])
(121, [32])
(122, [32])
(124, [33])
(125, [34])
(126, [35, 36])
(127, [37])
