(9, [0])
(10, [1])
(14, [2])
(16, [3])
(21, [4])
(23, [5])
(24, [6])
(26, [7])
(28, [8])
(29, [8])
(34, [9])
(35, [10])
(39, [11])
(40, [11])
(41, [12])
(43, [13])
(44, [14])
(45, [14])
(46, [15])
(47, [16])
(50, [17])
(51, [17, 18])
(53, [19])
(54, [20])
(55, [20])
(61, [21])
(62, [22])
(64, [23])
(66, [24, 25])
(67, [25])
(68, [26, 27, 28])
(69, [28, 29])
(70, [29])
(73, [30])
(76, [31])
(77, [31])
(78, [32])
(80, [33])
(81, [34])
(90, [35])
(92, [36, 37])
(93, [38])
(96, [39, 40])
(97, [41])
(98, [41])
(99, [42])
(100, [43, 44, 45])
(103, [46])
(105, [47])
(106, [47, 48])
(107, [48])
(109, [49])
(110, [50])
(111, [50])
(119, [51])
(120, [51, 52])
(121, [52])
(124, [53])
(126, [54])
(127, [55])
(128, [56])
(131, [57])
(132, [57])
(133, [58])
(135, [59])
(137, [60])
(138, [60])
(139, [61])
(143, [62])
(144, [62])
(146, [63])
(147, [63])
(149, [64, 65])
(150, [64, 65])
(154, [66])
(155, [67])
(161, [68])
(166, [69])
(167, [70])
(168, [71])
(169, [72])
(171, [73, 74])
(178, [75])
(180, [76])
(181, [76])
(183, [77, 78, 79])
(184, [79])
(185, [80])
(186, [81])
(187, [82])
(191, [83])
(193, [84])
(194, [84])
(195, [85])
(196, [85])
(199, [86])
(204, [87])
(205, [87])
(206, [88])
(207, [89])
(211, [90])
(214, [91])
