(0, [0])
(1, [1])
(130, [33])
(3, [2])
(150, [37])
(7, [3])
(10, [4])
(11, [4, 5])
(12, [5])
(179, [42])
(145, [36])
(146, [36])
(19, [6])
(20, [7, 8])
(21, [8])
(22, [9])
(23, [9])
(25, [10])
(26, [10])
(27, [11])
(29, [12])
(30, [13])
(31, [13])
(155, [38])
(167, [39])
(129, [32, 33])
(173, [40])
(49, [14, 15])
(178, [41, 42])
(128, [31])
(53, [16])
(54, [17])
(183, [43])
(184, [43])
(185, [44])
(186, [44])
(187, [45])
(188, [45])
(64, [18])
(66, [19])
(67, [19, 20])
(69, [21])
(70, [21])
(73, [22])
(74, [22])
(205, [47])
(206, [47])
(82, [23])
(83, [23, 24])
(84, [24])
(97, [25])
(98, [25])
(131, [34])
(195, [46])
(105, [26])
(106, [26, 27])
(107, [27])
(154, [38])
(112, [28])
(140, [35])
(122, [29])
(124, [30])
(125, [30])
(127, [31])
