(1, [0, 1])
(2, [0, 1])
(131, [37])
(214, [64])
(8, [2, 3])
(9, [4, 5])
(10, [6])
(11, [6])
(12, [7])
(13, [8])
(14, [9])
(15, [9])
(144, [41])
(145, [41])
(20, [10])
(21, [10])
(150, [43])
(24, [11])
(201, [53])
(155, [44])
(36, [12])
(37, [12])
(177, [46])
(210, [58, 59])
(43, [13])
(44, [13])
(174, [45])
(47, [14, 15])
(176, [46])
(136, [38])
(51, [16])
(52, [16])
(181, [48])
(54, [17])
(55, [17, 18])
(180, [47])
(140, [39])
(61, [19])
(62, [19])
(63, [20])
(64, [20])
(65, [21])
(66, [21])
(196, [51])
(71, [22])
(194, [50])
(73, [23])
(203, [54])
(205, [55])
(141, [39, 40])
(208, [56])
(209, [57])
(82, [24, 25])
(211, [60])
(212, [61, 62])
(213, [63, 64])
(86, [26])
(87, [26, 27])
(89, [28])
(90, [29])
(91, [30])
(92, [31])
(199, [52])
(96, [32])
(97, [32])
(99, [33])
(200, [52])
(189, [49])
(113, [34])
(114, [34])
(117, [35])
(124, [36])
(149, [42, 43])
