(128, [48])
(1, [0])
(2, [1])
(3, [1])
(132, [49, 50])
(6, [2])
(7, [2])
(9, [3])
(141, [52])
(142, [52])
(16, [4])
(17, [4])
(18, [5])
(19, [5])
(20, [6])
(149, [54, 55])
(22, [7])
(152, [56])
(153, [56])
(26, [8])
(155, [57])
(156, [58])
(29, [9])
(30, [10])
(31, [11])
(32, [12])
(161, [61])
(36, [13])
(134, [51])
(39, [14, 15])
(129, [48])
(43, [16, 17])
(172, [63])
(173, [64])
(46, [18])
(157, [58, 59])
(178, [65])
(158, [60])
(182, [67, 68])
(183, [68])
(58, [19])
(59, [19])
(60, [20])
(63, [21])
(181, [66])
(66, [22])
(67, [22, 23])
(72, [24])
(73, [25])
(74, [26])
(75, [27])
(76, [27])
(77, [28])
(78, [29, 30])
(79, [30])
(80, [31])
(81, [32])
(82, [33, 34])
(83, [35])
(164, [62])
(135, [51])
(186, [69])
(165, [62])
(99, [36])
(100, [37])
(103, [38])
(104, [38])
(107, [39])
(108, [40])
(110, [41])
(111, [41, 42, 43])
(112, [43])
(113, [44])
(114, [45])
(115, [46])
(131, [49])
(148, [53])
(123, [47])
