(128, [25])
(129, [25])
(3, [0])
(4, [1])
(5, [1, 2])
(135, [26])
(136, [26])
(143, [27])
(144, [28])
(17, [3])
(18, [4])
(147, [29])
(148, [29])
(149, [30])
(218, [51])
(196, [43])
(179, [37])
(231, [54])
(157, [31])
(185, [39])
(159, [32])
(35, [5])
(164, [33])
(165, [33])
(174, [34, 35])
(175, [34, 35])
(176, [36])
(200, [44])
(50, [6])
(51, [6, 7])
(52, [7])
(222, [52])
(57, [8])
(58, [8])
(223, [52])
(188, [40])
(189, [41])
(192, [42])
(67, [9])
(68, [10])
(70, [11])
(72, [12])
(76, [13])
(205, [45])
(206, [45])
(208, [46])
(81, [14])
(82, [15])
(83, [15, 16, 17])
(212, [48])
(214, [49, 50])
(87, [18])
(88, [18])
(89, [19])
(90, [20])
(91, [20])
(186, [39])
(94, [21])
(95, [21])
(227, [53])
(228, [53])
(102, [22])
(209, [46])
(106, [23])
(107, [24])
(108, [24])
(210, [47])
(180, [37, 38])
(211, [47])
(195, [43])
