(0, [0])
(130, [41])
(3, [1])
(6, [2])
(7, [2])
(9, [3])
(10, [3])
(11, [4])
(175, [52])
(142, [44])
(143, [44])
(18, [5])
(131, [42])
(21, [6, 7])
(23, [8])
(24, [8])
(155, [48])
(28, [9])
(29, [10])
(30, [11])
(33, [12])
(34, [13])
(164, [50])
(134, [43])
(38, [14, 15])
(177, [53])
(40, [16])
(42, [17, 18])
(43, [19])
(178, [54])
(47, [20])
(48, [20])
(49, [21])
(50, [21, 22])
(51, [22])
(53, [23])
(54, [24])
(55, [24])
(57, [25])
(151, [47])
(61, [26])
(147, [45, 46])
(75, [27])
(76, [27])
(83, [28])
(88, [29])
(89, [29])
(135, [43])
(102, [30, 31])
(105, [32])
(106, [32])
(107, [33])
(109, [34, 35])
(110, [36])
(112, [37])
(168, [51])
(114, [38])
(115, [39])
(176, [52])
(157, [49])
(120, [40])
