(1, [0])
(2, [1])
(3, [2])
(4, [2, 3, 4])
(133, [38])
(134, [39])
(7, [5])
(8, [5])
(172, [52])
(139, [41])
(13, [6])
(142, [42, 43])
(15, [7])
(20, [8])
(21, [8, 9])
(151, [44])
(152, [45])
(25, [10])
(27, [11])
(28, [11])
(157, [47])
(158, [47])
(31, [12])
(160, [48])
(33, [13])
(155, [46])
(164, [49])
(165, [49])
(166, [50])
(167, [50, 51])
(129, [36])
(220, [60])
(135, [40])
(44, [14])
(240, [63])
(221, [60])
(177, [53])
(181, [54, 55])
(182, [55])
(159, [48])
(61, [15])
(62, [16])
(193, [56])
(130, [37])
(71, [17, 18])
(72, [18])
(204, [57])
(75, [19])
(76, [19, 20])
(224, [61])
(141, [42])
(208, [58, 59])
(209, [59])
(84, [21])
(86, [22])
(87, [23])
(88, [24])
(207, [58])
(92, [25])
(93, [25, 26])
(94, [26])
(223, [61])
(96, [27])
(97, [27, 28])
(98, [28, 29, 30])
(100, [31])
(103, [32])
(171, [52])
(107, [33])
(111, [34])
(112, [35])
(113, [35])
(245, [65])
(241, [64])
(239, [62])
