(2, [0])
(5, [1])
(7, [2])
(9, [3])
(10, [3])
(12, [4])
(13, [5])
(18, [6, 7])
(22, [8])
(23, [9])
(28, [10])
(29, [10])
(30, [11])
(31, [11])
(32, [12, 13])
(35, [14])
(36, [14])
(43, [15])
(45, [16])
(47, [17])
(48, [17])
(50, [18])
(51, [19])
(54, [20])
(57, [21, 22])
(58, [23])
(60, [24])
(63, [25])
(65, [26])
(67, [27])
(79, [28])
(80, [28])
(84, [29, 30])
(85, [31])
(86, [31])
(88, [32])
(89, [32])
(91, [33])
(95, [34])
(96, [34])
(98, [35])
(99, [35, 36])
(100, [36, 37])
(105, [38])
(106, [38, 39])
(107, [39])
(118, [40])
(119, [40])
(121, [41])
