(128, [33])
(192, [45])
(2, [0])
(8, [1])
(139, [34])
(12, [2])
(194, [46])
(14, [3])
(15, [4])
(16, [4, 5])
(19, [6])
(20, [6])
(21, [7])
(22, [7, 8])
(155, [38])
(28, [9])
(29, [9])
(159, [39])
(160, [40])
(161, [40])
(36, [10])
(37, [10])
(38, [11])
(40, [12])
(173, [41])
(46, [13])
(177, [42])
(180, [43])
(57, [14])
(186, [44])
(61, [15])
(64, [16])
(65, [16, 17])
(66, [17, 18])
(195, [46])
(196, [47])
(197, [47])
(198, [48])
(199, [48, 49])
(200, [49])
(201, [50])
(202, [50])
(76, [19])
(79, [20])
(80, [20])
(209, [51])
(82, [21])
(83, [21, 22])
(142, [35])
(214, [53])
(215, [53])
(89, [23])
(90, [23])
(143, [35, 36])
(94, [24])
(223, [54])
(224, [54])
(144, [36])
(226, [55])
(101, [25])
(102, [26])
(103, [26])
(104, [27])
(108, [28, 29])
(109, [29])
(111, [30])
(113, [31])
(147, [37])
(125, [32])
(213, [52])
