(1, [0])
(213, [56])
(133, [31])
(134, [31])
(172, [44])
(141, [32])
(14, [1])
(15, [2])
(16, [2, 3, 4])
(145, [33])
(144, [33])
(149, [37])
(156, [38])
(29, [5])
(158, [40])
(31, [6])
(32, [7])
(33, [7])
(162, [41])
(164, [42, 43])
(198, [52])
(40, [8])
(41, [9])
(42, [9, 10])
(43, [10])
(44, [11])
(173, [44])
(47, [12])
(177, [45])
(178, [45])
(179, [46])
(52, [13])
(53, [14])
(54, [14])
(201, [53, 54])
(56, [15])
(188, [47])
(189, [47])
(62, [16])
(63, [17])
(64, [17])
(194, [49])
(195, [49])
(196, [50])
(197, [51])
(70, [18])
(71, [18])
(200, [53])
(73, [19])
(202, [54])
(78, [20])
(83, [21])
(84, [22])
(206, [55])
(96, [23])
(97, [24])
(98, [24, 25, 26])
(99, [25, 26])
(104, [27])
(105, [27])
(106, [28])
(107, [28])
(157, [39])
(113, [29])
(147, [34, 35, 36])
(212, [56])
(191, [48])
(126, [30])
(127, [30])
