(3, [0])
(4, [0, 1])
(5, [2])
(7, [3])
(9, [4])
(10, [5])
(11, [5])
(14, [6])
(15, [6])
(20, [7])
(21, [8])
(26, [9])
(27, [10])
(28, [10, 11])
(30, [12, 13])
(35, [14])
(36, [15])
(38, [16])
(39, [16])
(48, [17])
(49, [17])
(52, [18])
(53, [19])
(62, [20])
(70, [21])
(71, [22])
(79, [23])
(81, [24])
(89, [25])
(90, [25, 26])
(95, [27])
(97, [28])
(100, [29])
(101, [30])
(114, [31])
(123, [32])
(128, [33])
(129, [33])
(132, [34])
(140, [35])
(150, [36])
(151, [36, 37])
(152, [37])
(156, [38])
(157, [38])
(159, [39])
(161, [40])
(165, [41])
(167, [42])
(168, [42])
(171, [43])
(173, [44])
(174, [45])
(176, [46])
(180, [47])
(182, [48])
(184, [49])
(185, [50])
(186, [50])
(194, [51, 52])
(204, [53])
(205, [53])
(206, [54])
(208, [55])
(210, [56])
(211, [57])
(213, [58, 59])
(217, [60])
(218, [61])
(220, [62])
(222, [63, 64])
(226, [65])
(227, [65, 66])
(229, [67])
(232, [68])
(238, [69, 70])
(239, [71])
(243, [72])
(244, [72])
(256, [73])
(257, [73])
(259, [74])
(265, [75])
(269, [76, 77])
(276, [78])
(277, [78])
(284, [79])
