(0, [0])
(1, [1])
(2, [1])
(4, [2])
(5, [3])
(6, [3])
(8, [4])
(9, [4])
(10, [5])
(11, [5])
(141, [50, 51])
(15, [6])
(17, [7])
(20, [8])
(21, [9])
(22, [10])
(151, [52])
(152, [52])
(27, [11, 12])
(133, [47, 48])
(32, [13])
(34, [14, 15])
(38, [16])
(39, [17])
(40, [18])
(42, [19])
(43, [19])
(44, [20])
(45, [20])
(48, [21])
(49, [21, 22])
(50, [22])
(128, [46])
(138, [49])
(56, [23])
(57, [24, 25, 26])
(58, [27])
(61, [28, 29])
(62, [29])
(63, [30])
(64, [31])
(67, [32])
(77, [33])
(78, [33])
(80, [34])
(81, [34])
(139, [49])
(88, [35])
(97, [36])
(98, [37])
(108, [38])
(109, [38])
(115, [39, 40, 41])
(116, [41])
(117, [42])
(118, [42])
(120, [43])
(121, [43])
(124, [44])
(125, [44])
(126, [45])
