(128, [34])
(3, [0])
(132, [37, 38])
(6, [1])
(8, [2, 3])
(9, [3])
(10, [4])
(11, [4])
(140, [40])
(14, [5])
(145, [41])
(131, [35, 36])
(150, [42])
(152, [43])
(153, [44])
(29, [6, 7])
(34, [8])
(163, [46])
(37, [9])
(38, [10])
(39, [10])
(169, [50])
(170, [50])
(172, [51])
(157, [45])
(48, [11])
(54, [12])
(137, [39])
(59, [13])
(61, [14])
(139, [40])
(68, [15])
(69, [16])
(70, [17])
(71, [17, 18, 19])
(73, [20])
(76, [21, 22])
(77, [22])
(83, [23])
(84, [23, 24])
(85, [25])
(86, [25])
(87, [26])
(90, [27])
(92, [28])
(93, [29])
(95, [30])
(97, [31])
(100, [32])
(166, [47, 48])
(167, [49])
(127, [33])
