(0, [0])
(1, [1])
(130, [43])
(3, [2])
(132, [45])
(5, [3])
(6, [3, 4])
(7, [4])
(8, [5])
(128, [42])
(11, [6, 7])
(12, [7])
(13, [8])
(15, [9])
(131, [44, 45])
(28, [10])
(29, [11])
(30, [12, 13])
(35, [14, 15])
(134, [46])
(39, [16, 17])
(40, [17])
(42, [18])
(43, [18])
(48, [19])
(49, [19])
(50, [20])
(51, [20])
(59, [21])
(63, [22])
(64, [22])
(65, [23])
(66, [24, 25])
(67, [25])
(68, [26, 27])
(69, [27])
(74, [28])
(75, [28])
(79, [29])
(80, [29, 30])
(81, [30])
(83, [31])
(89, [32])
(100, [33])
(103, [34])
(104, [35])
(105, [35])
(110, [36])
(111, [36])
(113, [37])
(115, [38, 39])
(118, [40])
(121, [41])
