(2, [0])
(6, [1])
(8, [2])
(9, [2])
(15, [3])
(16, [4])
(17, [4])
(19, [5])
(20, [5])
(23, [6])
(25, [7])
(26, [7, 8, 9])
(27, [10])
(28, [10, 11])
(30, [12])
(43, [13])
(54, [14])
(56, [15])
(57, [15])
(63, [16])
(79, [17])
(85, [18])
(86, [18, 19])
(87, [19])
(88, [20])
(89, [20])
(90, [21])
(91, [22, 23])
(92, [23])
(93, [24])
(94, [24])
(95, [25])
(97, [26])
(103, [27])
(104, [27])
(105, [28])
(106, [29])
(107, [30])
(108, [31, 32])
(110, [33])
(117, [34])
(118, [34])
(122, [35])
(132, [36])
(133, [37])
(134, [37])
(136, [38])
(137, [38, 39])
(138, [39])
(139, [40, 41])
(140, [41])
(146, [42])
(147, [43])
(150, [44])
(164, [45])
(168, [46, 47])
(171, [48])
(172, [49])
(173, [49])
(175, [50])
(176, [51])
(180, [52])
(183, [53])
(184, [54])
(185, [54])
(187, [55])
(188, [55])
(190, [56])
(192, [57])
(194, [58])
(199, [59, 60])
(200, [59, 60])
(201, [61, 62])
(208, [63])
(209, [63])
(212, [64, 65])
(213, [64, 65])
(221, [66])
(224, [67])
(226, [68])
(235, [69])
(238, [70])
(243, [71])
(244, [72])
(245, [72])
(246, [73])
(247, [74])
(249, [75])
