(1, [0])
(2, [1])
(3, [2])
(4, [2])
(179, [42])
(139, [34])
(12, [3, 4, 5])
(14, [6])
(145, [35])
(147, [36])
(148, [36])
(154, [37])
(156, [38])
(157, [38])
(33, [7])
(36, [8])
(37, [9])
(166, [39])
(39, [10, 11])
(40, [12, 13])
(41, [13])
(42, [14])
(175, [41])
(49, [15])
(50, [16])
(51, [17])
(60, [18])
(61, [19])
(190, [43])
(63, [20])
(64, [20])
(68, [21])
(69, [21])
(76, [22])
(77, [23])
(79, [24])
(80, [25])
(209, [45])
(84, [26])
(87, [27])
(216, [46])
(169, [40])
(90, [28])
(91, [28])
(106, [29])
(112, [30])
(117, [31])
(119, [32])
(120, [33])
(121, [33])
(191, [44])
