(128, [33])
(130, [34])
(171, [44])
(8, [0])
(137, [35])
(138, [36])
(140, [37])
(16, [1])
(19, [2])
(150, [38])
(153, [39])
(154, [39])
(218, [53])
(160, [40])
(161, [41])
(162, [41])
(35, [3])
(164, [42])
(165, [42])
(168, [43])
(169, [43])
(170, [44])
(43, [4])
(46, [5])
(47, [5, 6])
(176, [45])
(177, [45])
(50, [7])
(51, [8])
(181, [46])
(219, [54])
(249, [66])
(64, [9])
(65, [9])
(66, [10])
(67, [11])
(71, [12])
(233, [58])
(75, [13])
(204, [47, 48])
(77, [14])
(79, [15])
(80, [15])
(248, [65])
(82, [16])
(83, [16, 17, 18])
(212, [50])
(213, [51])
(214, [52])
(215, [52])
(90, [19])
(91, [19])
(95, [20])
(224, [55])
(97, [21])
(99, [22])
(228, [56])
(230, [57])
(104, [23])
(105, [24])
(234, [58])
(235, [59])
(208, [49])
(110, [25])
(239, [60, 61])
(113, [26, 27])
(242, [62])
(244, [63])
(245, [64])
(118, [28])
(119, [28])
(120, [29])
(121, [30])
(251, [67])
(125, [31])
(126, [32])
