(128, [41])
(3, [0])
(5, [1])
(8, [2])
(9, [3])
(18, [4, 5])
(21, [6])
(22, [6, 7])
(23, [8])
(25, [9, 10])
(26, [11])
(35, [12, 13])
(36, [14])
(43, [15])
(45, [16])
(48, [17, 18])
(49, [17, 18])
(50, [19, 20])
(61, [21])
(62, [22])
(63, [22])
(64, [23])
(66, [24])
(67, [24])
(68, [25])
(71, [26])
(72, [26])
(73, [27])
(74, [28, 29])
(75, [29])
(76, [30])
(85, [31])
(90, [32])
(96, [33])
(97, [33])
(103, [34])
(104, [34])
(110, [35])
(114, [36])
(115, [37, 38])
(116, [38])
(118, [39])
(119, [39])
(120, [40])
(121, [40])
(127, [41])
