(130, [34])
(131, [35, 36])
(132, [36])
(133, [37])
(172, [51])
(224, [68])
(140, [38])
(141, [39, 40])
(142, [40])
(173, [52])
(144, [41])
(146, [42])
(147, [42])
(148, [43])
(21, [0])
(22, [0])
(151, [44])
(152, [44])
(202, [63])
(154, [45])
(27, [1, 2])
(28, [2])
(161, [47])
(162, [47])
(155, [45, 46])
(164, [48, 49])
(165, [49])
(40, [3])
(171, [50])
(44, [4, 5])
(45, [6])
(46, [7])
(47, [7])
(176, [54])
(189, [60])
(52, [8])
(53, [8])
(54, [9])
(55, [9])
(56, [10])
(187, [58, 59])
(188, [60])
(61, [11])
(63, [12])
(64, [12, 13])
(65, [13])
(175, [54])
(67, [14])
(196, [61])
(197, [62])
(74, [15])
(75, [15])
(77, [16])
(78, [17])
(83, [18])
(84, [19, 20])
(85, [20])
(203, [64])
(216, [66])
(223, [67, 68])
(96, [21])
(97, [22, 23])
(99, [24])
(100, [24])
(108, [25, 26])
(110, [27, 28])
(174, [53])
(113, [29])
(211, [65])
(116, [30])
(117, [31])
(118, [31])
(119, [32])
(120, [32])
(123, [33])
(124, [33])
(183, [55, 56, 57])
