(0, [0])
(6, [1])
(7, [1])
(10, [2])
(18, [3, 4])
(19, [5])
(27, [6])
(28, [6])
(31, [7])
(32, [7, 8])
(33, [8])
(38, [9])
(41, [10])
(42, [11])
(44, [12])
(58, [13])
(59, [13, 14])
(60, [15])
(61, [15])
(67, [16])
(74, [17])
(77, [18])
(78, [18])
(82, [19])
(85, [20])
(87, [21])
(88, [22])
(90, [23])
(93, [24])
(94, [25, 26])
(95, [27])
(96, [28, 29])
(97, [29])
(99, [30])
(100, [31])
(101, [32])
(102, [32])
(105, [33])
(106, [33])
(107, [34])
(108, [34])
(111, [35])
(112, [36])
(113, [36])
(119, [37])
(122, [38])
(124, [39])
(125, [39])
(126, [40])
(129, [41])
(133, [42])
(134, [43])
(135, [43])
(136, [44])
(137, [44, 45])
(138, [45])
(143, [46])
(153, [47])
(161, [48])
(162, [48])
(163, [49])
(170, [50])
(172, [51])
(176, [52, 53])
(178, [54])
(184, [55])
(185, [55])
(190, [56])
(191, [56, 57])
(194, [58])
(195, [59])
(208, [60])
(209, [60])
(210, [61, 62])
(219, [63])
(221, [64])
(224, [65])
(227, [66])
(228, [67])
(229, [67])
(230, [68])
(232, [69])
(233, [70])
(234, [71])
(241, [72])
(244, [73])
(245, [73])
(253, [74])
(255, [75])
(258, [76])
(263, [77])
(264, [77])
(267, [78])
(272, [79])
