(0, [0])
(3, [1])
(12, [2])
(13, [2])
(17, [3])
(18, [3])
(21, [4, 5])
(26, [6])
(27, [7])
(28, [7])
(33, [8])
(34, [8])
(39, [9])
(40, [9])
(43, [10])
(45, [11])
(46, [11])
(51, [12])
(53, [13])
(54, [14])
(55, [15])
(57, [16])
(58, [17, 18])
(62, [19])
(65, [20])
(68, [21, 22])
(70, [23])
(71, [24])
(72, [24, 25])
(74, [26])
(77, [27])
(78, [28, 29])
(82, [30])
(84, [31])
(87, [32])
(89, [33])
(90, [33])
(101, [34])
(102, [35])
(107, [36])
(108, [37, 38])
(109, [37, 38])
(115, [39])
(116, [39])
(117, [40, 41])
(118, [42])
(120, [43])
(127, [44])
(132, [45])
(134, [46])
(135, [46])
(140, [47])
(141, [48])
(143, [49])
(146, [50])
(147, [51])
(148, [52])
(151, [53])
(152, [54])
(154, [55, 56])
(155, [56])
(161, [57])
(163, [58])
(181, [59, 60])
(182, [61])
(183, [62])
(184, [62, 63])
(185, [63])
(187, [64])
(188, [65])
(189, [66])
(190, [66])
(193, [67])
(194, [68])
(196, [69])
(197, [69, 70])
(199, [71, 72])
(201, [73])
(202, [74])
(205, [75])
(206, [76])
(207, [77])
(208, [77])
(211, [78])
(215, [79, 80])
(216, [79, 80])
(217, [81])
(223, [82])
(224, [82])
(228, [83])
(229, [83])
(232, [84])
(237, [85])
(238, [85])
