(128, [35])
(131, [36])
(132, [36])
(133, [37])
(8, [0])
(11, [1])
(20, [2])
(25, [3])
(27, [6])
(28, [4, 5, 6])
(30, [7])
(37, [8])
(38, [9])
(39, [9, 10])
(40, [10, 11])
(41, [11])
(43, [12])
(47, [13])
(48, [13])
(51, [14, 15])
(52, [15])
(53, [16])
(55, [17])
(56, [17])
(62, [18])
(63, [18])
(68, [19, 20])
(69, [19, 20])
(70, [21])
(74, [22])
(75, [22])
(76, [23])
(78, [24])
(80, [25])
(81, [25])
(88, [26])
(89, [26, 27])
(92, [28])
(95, [29, 30])
(96, [30])
(100, [31])
(102, [32])
(103, [32])
(114, [33])
(119, [34])
