(0, [0])
(1, [0, 1])
(2, [1])
(3, [2])
(6, [3, 4])
(7, [4])
(8, [5])
(10, [6])
(23, [7])
(24, [8])
(25, [9, 10])
(30, [11, 12])
(34, [13, 14])
(35, [14])
(37, [15])
(38, [15])
(43, [16])
(44, [16])
(45, [17])
(46, [17])
(54, [18])
(58, [19])
(59, [19])
(60, [20])
(61, [21, 22])
(62, [22])
(63, [23, 24])
(64, [24])
(69, [25])
(70, [25])
(74, [26])
(75, [26, 27])
(76, [27])
(78, [28])
(84, [29])
(95, [30])
(98, [31])
(99, [32])
(100, [32])
(105, [33])
(106, [33])
(108, [34])
(110, [35, 36])
(113, [37])
(116, [38])
