(1, [0])
(2, [1])
(8, [2])
(9, [3])
(10, [3])
(16, [4])
(20, [5])
(21, [5])
(22, [6])
(23, [7])
(25, [8])
(31, [9])
(35, [10])
(36, [11])
(37, [12, 13])
(38, [13])
(39, [14])
(40, [15])
(41, [15])
(43, [16])
(44, [17])
(45, [17])
(46, [18])
(47, [19])
(55, [20, 21, 22])
(56, [22])
(57, [23])
(58, [24])
(59, [24])
(60, [25])
(61, [25])
(62, [26])
(65, [27])
(74, [28])
(76, [29])
(78, [30])
(90, [31])
(91, [31])
(93, [32])
(96, [33])
(97, [34])
(98, [35, 36])
(101, [37])
(103, [38])
(108, [39])
(110, [40])
(111, [40])
(114, [41])
(116, [42])
(121, [43, 44])
