(128, [46])
(2, [0])
(133, [49])
(6, [1])
(7, [2])
(8, [2])
(12, [3])
(130, [47, 48])
(14, [4, 5])
(15, [6])
(17, [7])
(18, [7])
(23, [8, 9])
(24, [10])
(27, [11])
(28, [12, 13])
(30, [14])
(35, [15])
(36, [16])
(38, [17])
(40, [18])
(44, [19, 20])
(45, [21])
(47, [22])
(48, [23])
(51, [24])
(56, [25, 26])
(57, [27])
(58, [27])
(62, [28])
(63, [28, 29])
(66, [30])
(67, [30])
(74, [31])
(76, [32])
(77, [32, 33])
(92, [34, 35])
(93, [36])
(97, [37])
(99, [38, 39])
(100, [39])
(101, [40])
(102, [41])
(122, [42])
(123, [43])
(125, [44, 45])
(126, [45])
