(1, [0])
(2, [1])
(132, [44])
(129, [43])
(10, [2])
(13, [3])
(15, [4])
(17, [5])
(18, [5])
(20, [6])
(21, [7])
(26, [8, 9])
(30, [10])
(31, [11])
(36, [12])
(37, [12])
(38, [13])
(39, [13])
(40, [14, 15])
(43, [16])
(44, [16])
(51, [17])
(53, [18])
(55, [19])
(56, [19])
(58, [20])
(59, [21])
(62, [22])
(65, [23, 24])
(66, [25])
(68, [26])
(71, [27])
(73, [28])
(75, [29])
(87, [30])
(88, [30])
(92, [31, 32])
(93, [33])
(94, [33])
(96, [34])
(97, [34])
(99, [35])
(103, [36])
(104, [36])
(106, [37])
(107, [37, 38])
(108, [38, 39])
(113, [40])
(114, [40, 41])
(115, [41])
(126, [42])
(127, [42])
