(0, [0])
(128, [41])
(2, [1])
(179, [52])
(4, [2])
(5, [3])
(6, [4])
(7, [5])
(8, [5, 6, 7])
(9, [7])
(11, [9])
(12, [8, 9])
(14, [10])
(143, [42])
(152, [43])
(23, [11])
(24, [11])
(153, [44])
(26, [12])
(156, [45])
(167, [48])
(159, [46])
(33, [13])
(37, [14])
(38, [14])
(39, [15])
(172, [49])
(173, [49])
(175, [50])
(176, [50])
(178, [51])
(51, [16])
(52, [17])
(57, [18])
(64, [19])
(65, [19])
(67, [20])
(71, [21])
(73, [22, 23])
(74, [23])
(88, [24])
(89, [25])
(91, [26])
(92, [26])
(93, [27])
(165, [47])
(98, [28])
(99, [29])
(100, [29, 30, 31])
(101, [31])
(102, [32])
(103, [32])
(104, [33])
(105, [33])
(107, [34, 35, 36])
(108, [36])
(113, [37])
(115, [38, 39, 40])
