(0, [0])
(1, [0])
(2, [1])
(7, [2])
(8, [2, 3])
(12, [4])
(14, [5])
(144, [30])
(145, [31])
(18, [6])
(188, [40])
(148, [32])
(150, [33])
(157, [34])
(160, [35])
(162, [36])
(163, [36])
(37, [7])
(38, [7])
(171, [37, 38])
(172, [38])
(174, [39])
(55, [8])
(56, [9])
(57, [10])
(59, [11])
(60, [12])
(189, [40, 41])
(192, [42])
(73, [13])
(74, [14])
(75, [14])
(81, [15])
(215, [43])
(88, [16])
(217, [44])
(96, [17])
(97, [18])
(102, [19])
(103, [20])
(105, [21])
(106, [21])
(107, [22, 23])
(146, [31])
(115, [24, 25])
(116, [26])
(118, [27])
(119, [28])
(127, [29])
